data/raw/complete_sample_clean.ecsv
# %ECSV 1.0
# ---
# datatype:
# - {name: Name, datatype: string}
# - {name: SIMBADName, datatype: string}
# - {name: RA, datatype: string}
# - {name: DEC, datatype: string}
# - {name: Reference, datatype: string}
# - {name: z, datatype: float64}
# - {name: SIMBADType, datatype: string}
# - {name: SFR, datatype: float64}
# - {name: SFR_err, datatype: float64}
# - {name: LimSFR, datatype: float64}
# - {name: Mstar, datatype: float64}
# - {name: Mstar_err, datatype: float64}
# - {name: LimMstar, datatype: int64}
# - {name: Metal, datatype: float64}
# - {name: Metal_err, datatype: float64}
# - {name: LimMetal, datatype: int64}
# - {name: mu, datatype: float64}
# - {name: mu_err, datatype: float64}
# - {name: Limmu, datatype: int64}
# - {name: mu_flag, datatype: int64}
# - {name: LOIII52, datatype: float64}
# - {name: LOIII52_err, datatype: int64}
# - {name: LimOIII52, datatype: float64}
# - {name: LNIII57, datatype: float64}
# - {name: LNIII57_err, datatype: int64}
# - {name: LimNIII57, datatype: float64}
# - {name: LOI63, datatype: float64}
# - {name: LOI63_err, datatype: float64}
# - {name: LimOI63, datatype: float64}
# - {name: LOIII88, datatype: float64}
# - {name: LOIII88_err, datatype: int64}
# - {name: LimOIII88, datatype: float64}
# - {name: LNII122, datatype: float64}
# - {name: LNII122_err, datatype: int64}
# - {name: LimNII122, datatype: float64}
# - {name: LOI145, datatype: float64}
# - {name: LOI145_err, datatype: int64}
# - {name: LimOI145, datatype: float64}
# - {name: LCII, datatype: float64}
# - {name: LCII_err, datatype: float64}
# - {name: LimCII, datatype: float64}
# - {name: LNII205, datatype: float64}
# - {name: LNII205_err, datatype: int64}
# - {name: LimNII205, datatype: float64}
# schema: astropy-2.0
Name SIMBADName RA DEC Reference z SIMBADType SFR SFR_err LimSFR Mstar Mstar_err LimMstar Metal Metal_err LimMetal mu mu_err Limmu mu_flag LOIII52 LOIII52_err LimOIII52 LNIII57 LNIII57_err LimNIII57 LOI63 LOI63_err LimOI63 LOIII88 LOIII88_err LimOIII88 LNII122 LNII122_err LimNII122 LOI145 LOI145_err LimOI145 LCII LCII_err LimCII LNII205 LNII205_err LimNII205
[from data line 249]
"IRAS 06035-7102" "LEDA   89499" "06 02 54.066" "-71 03 10.48" 2013ApJ...776...38F 0.079 LINER 247.15644 "" 0.0 nan "" 0 nan "" 0 nan "" 0 0 407543956.4232667 "" 0.0 130568179.31627767 "" 0.0 1065521961.6990658 "" 0.0 nan "" 0.0 107879282.5826294 "" 0.0 98033157.58500849 "" 0.0 1300000000.0 "" 0.0 nan "" 0.0
"IRAS 06206-6315" "LEDA   89500" "06 21 01.188" "-63 17 23.81" 2013ApJ...776...38F 0.092 Seyfert_2 252.91345 "" 0.0 nan "" 0 nan "" 0 nan "" 0 0 269451739.20526606 "" 0.0 235770271.80460787 "" 0.0 606857316.1487024 "" 0.0 nan "" 0.0 86862731.7174871 "" 0.0 74453770.04356037 "" 0.0 550000000.0 "" 0.0 nan "" 0.0
"IRAS 07598+6508" "IRAS 07598+6508" "08 04 30.4643" "+64 59 52.790" 2013ApJ...776...38F 0.148 Seyfert_1 470.94689 "" 0.0 nan "" 0 nan "" 0 nan "" 0 0 55892932.39154866 "" 0.0 218640000.23752856 "" 0.0 216996090.46130657 "" 0.0 nan "" 0.0 110141955.00687532 "" 0.0 64112481.27265876 "" 0.0 350000000.0 "" 0.0 nan "" 0.0
"IRAS 08311-2459" "2MASX J08332058-2509332" "08 33 20.588" "-25 09 33.29" 2013ApJ...776...38F 0.1 Seyfert_1 470.94689 "" 0.0 nan "" 0 nan "" 0 nan "" 0 0 1017530671.0899533 "" 0.0 366932003.444366 "" 0.0 2057641773.1610985 "" 0.0 nan "" 0.0 213808455.8531594 "" 0.0 152417909.1230443 "" 0.0 1700000000.0 "" 0.0 nan "" 0.0
"IRAS 10378+1109" "LEDA   90127" "10 40 29.1643" "+10 53 18.203" 2013ApJ...776...38F 0.136 Seyfert_1 304.06885 "" 0.0 nan "" 0 nan "" 0 nan "" 0 0 149050822.90151387 "" 0.0 135376435.47935662 "" 0.0 746621553.2497851 "" 0.0 nan "" 0.0 97088150.69731636 "" 0.0 75209130.8218648 "" 0.0 480000000.0 "" 0.0 nan "" 0.0
"IRAS 11095-0238" "LEDA  125693" "11 12 03.4" "-02 54 23" 2013ApJ...776...38F 0.107 LINER 283.77356 "" 0.0 nan "" 0 nan "" 0 nan "" 0 0 362850854.9054405 "" 0.0 94585840.82928336 "" 0.0 699609064.0648718 "" 0.0 nan "" 0.0 51369896.31245562 "" 0.0 114155325.13879025 "" 0.0 610000000.0 "" 0.0 nan "" 0.0
"IRAS 12071-0444" "LEDA   90164" "12 09 45.125" "-05 01 14.08" 2013ApJ...776...38F 0.128 Seyfert_2 382.8 "" 0.0 nan "" 0 nan "" 0 nan "" 0 0 241009991.5244792 "" 0.0 65948007.63107641 "" 0.0 770992161.9414933 "" 0.0 nan "" 0.0 57554624.841666676 "" 0.0 97123429.42031254 "" 0.0 780000000.0 "" 0.0 nan "" 0.0
"Mrk 231" "Mrk  231" "12 56 14.2340" "+56 52 25.238" 2013ApJ...776...38F 0.042 Seyfert_1 528.4111 "" 0.0 nan "" 0 nan "" 0 nan "" 0 0 nan "" 0.0 32161971.612992197 "" 0.0 413511063.59561396 "" 0.0 nan "" 0.0 47094315.57616715 "" 0.0 36756538.986276805 "" 0.0 440000000.0 "" 0.0 nan "" 0.0
"IRAS 13451+1232" "ICRF J134733.3+121724" "13 47 33.3616" "+12 17 24.240" 2013ApJ...776...38F 0.121 Seyfert_2 311.15152 "" 0.0 nan "" 0 nan "" 0 nan "" 0 0 40352719.49938202 "" 1.0 138048777.23472798 "" 0.0 956784217.6037683 "" 0.0 nan "" 0.0 43538460.51249113 "" 0.0 48848028.86767298 "" 0.0 480000000.0 "" 0.0 nan "" 0.0
"Mrk 463" "Mrk  463" "13 56 02.9" "+18 22 18" 2013ApJ...776...38F 0.051 Seyfert_2 91.82732 "" 0.0 nan "" 0 nan "" 0 nan "" 0 0 492913873.5208067 "" 0.0 97107292.8690486 "" 0.0 481933543.58508384 "" 0.0 nan "" 0.0 31053745.59946607 "" 0.0 35857639.94634479 "" 0.0 370000000.0 "" 0.0 nan "" 0.0
"IRAS 15462-0450" "LEDA   90222" "15 48 56.8020" "-04 59 33.594" 2013ApJ...776...38F 0.1 Seyfert_1 258.80456 "" 0.0 nan "" 0 nan "" 0 nan "" 0 0 596264505.5970947 "" 0.0 232860694.49353993 "" 0.0 1016825032.6217911 "" 0.0 nan "" 0.0 55745438.98481715 "" 0.0 90321723.92476702 "" 0.0 520000000.0 "" 0.0 nan "" 0.0
"IRAS 16090-0139" "LEDA   90237" "16 11 40.4278" "-01 47 06.559" 2013ApJ...776...38F 0.134 LINER 528.4111 "" 0.0 nan "" 0 nan "" 0 nan "" 0 0 1338729101.335088 "" 0.0 440946380.55844146 "" 0.0 1738626419.4391398 "" 0.0 nan "" 0.0 128443840.58308953 "" 0.0 237025231.59147453 "" 0.0 1300000000.0 "" 0.0 nan "" 0.0
"IRAS 19254-7245" "NAME Super Antennae" "19 31 21.4252" "-72 39 21.448" 2013ApJ...776...38F 0.063 Seyfert_2 183.2196 "" 0.0 nan "" 0 nan "" 0 nan "" 0 0 235925586.39908916 "" 0.0 111305750.69392695 "" 0.0 485697821.20986307 "" 0.0 nan "" 0.0 102518454.58651169 "" 0.0 61244791.05168229 "" 0.0 840000000.0 "" 0.0 nan "" 0.0
"IRAS 20087-0308" "LEDA   90352" "20 11 23.862" "-02 59 50.33" 2013ApJ...776...38F 0.106 LINER 391.71656 "" 0.0 nan "" 0 nan "" 0 nan "" 0 0 233358468.14644647 "" 0.0 234157640.98256445 "" 0.0 481102047.34301627 "" 0.0 nan "" 0.0 187805616.4877223 "" 0.0 144650283.3373521 "" 0.0 1400000000.0 "" 0.0 nan "" 0.0
"IRAS 20414-1651" "6dFGS gJ204418.2-164017" "20 44 18.186" "-16 40 16.63" 2013ApJ...776...38F 0.087 LINER 247.15644 "" 0.0 nan "" 0 nan "" 0 nan "" 0 0 65083740.801642835 "" 0.0 65083740.801642835 "" 0.0 12596853.058382485 "" 0.0 nan "" 0.0 63509134.16934503 "" 0.0 62459396.41447982 "" 0.0 480000000.0 "" 0.0 nan "" 0.0
"IRAS 23230-6926" "LEDA   90424" "23 26 03.625" "-69 10 18.58" 2013ApJ...776...38F 0.107 LINER 349.11775 "" 0.0 nan "" 0 nan "" 0 nan "" 0 0 327788862.1842406 "" 0.0 105185978.1635996 "" 0.0 466406042.7099145 "" 0.0 nan "" 0.0 76647146.87890203 "" 0.0 107632163.70228796 "" 0.0 810000000.0 "" 0.0 nan "" 0.0
"IRAS 23253-5415" "LEDA   90425" "23 28 06.0899" "-53 58 30.679" 2013ApJ...776...38F 0.13 HII_G 341.17086 "" 0.0 nan "" 0 nan "" 0 nan "" 0 0 94238150.45592397 "" 1.0 99198053.11149892 "" 0.0 1174256953.7073686 "" 0.0 nan "" 0.0 102917980.10318014 "" 0.0 65718710.18636804 "" 0.0 1600000000.0 "" 0.0 nan "" 0.0
"ALESS J033217.64-275230.3" "ALESS J033217.64-275230.3" "03 32 17.6163" "-27 52 28.483" 2014A&A...568A..62D 1.1 Galaxy 69.1831 nan 0.0 nan "" 0 nan "" 0 nan nan 0 0 nan "" 0.0 nan "" 0.0 7413102413.009162 "" 1.0 nan "" 0.0 nan "" 0.0 nan "" 0.0 nan "" 0.0 nan "" 0.0
"IRAS F10026+4949" "[VV2003] J100552.9+493442" "10 05 52.6327" "+49 34 48.003" 2014A&A...568A..62D 1.12 Seyfert_1 500.0 nan 1.0 nan "" 0 nan "" 0 nan nan 0 0 nan "" 0.0 nan "" 0.0 nan "" 0.0 nan "" 0.0 nan "" 0.0 nan "" 0.0 28000000000.0 "" 0.0 nan "" 0.0
"3C 368" "3C 368.0" "18 05 06.30" "+11 01 32.0" 2014A&A...568A..62D 1.13 RadioG 350.0 35.0 0.0 nan "" 0 nan "" 0 nan nan 0 0 nan "" 0.0 nan "" 0.0 nan "" 0.0 nan "" 0.0 nan "" 0.0 nan "" 0.0 10000000000.0 "" 0.0 nan "" 0.0
"NAME SMM J22471-0206" "NAME SMM J22471-0206" "22 47 12.0" "-02 05 38" 2014A&A...568A..62D 1.16 Radio(sub-mm) 1570.0 nan 0.0 nan "" 0 nan "" 0 2.0 nan 0 1 nan "" 0.0 nan "" 0.0 nan "" 0.0 nan "" 0.0 nan "" 0.0 nan "" 0.0 9500000000.0 "" 0.0 nan "" 0.0
"3C 065" "3C  65" "02 23 43.10" "+40 00 52.0" 2014A&A...568A..62D 1.18 RadioG 100.0 nan 1.0 nan "" 0 nan "" 0 nan nan 0 0 nan "" 0.0 nan "" 0.0 nan "" 0.0 nan "" 0.0 nan "" 0.0 nan "" 0.0 1700000000.0 "" 1.0 nan "" 0.0
"SMM J123634.51+621241.0" "NAME SMM J123635+621237" "12 36 34.510" "+62 12 41.09" 2014A&A...568A..62D 1.22 EmG 870.96359 nan 0.0 nan "" 0 nan "" 0 nan nan 0 0 nan "" 0.0 nan "" 0.0 nan "" 0.0 nan "" 0.0 nan "" 0.0 nan "" 0.0 16000000000.0 "" 0.0 nan "" 0.0
"LESS J033329.9-273441" "LESS J033329.9-273441" "03 33 29.93" "-27 34 41.7" 2014A&A...568A..62D 1.24 Galaxy 87.09636 nan 0.0 nan "" 0 nan "" 0 nan nan 0 0 nan "" 0.0 nan "" 0.0 9772372209.558111 "" 1.0 nan "" 0.0 nan "" 0.0 nan "" 0.0 nan "" 0.0 nan "" 0.0
"LESS J033155.2-275345" "LESS J033155.2-275345" "03 31 55.19" "-27 53 45.3" 2014A&A...568A..62D 1.27 GroupG 120.22644 nan 0.0 nan "" 0 nan "" 0 nan nan 0 0 nan "" 0.0 nan "" 0.0 4897788193.684457 "" 0.0 nan "" 0.0 nan "" 0.0 nan "" 0.0 nan "" 0.0 nan "" 0.0
"NAME HBootes03" "NAME HBootes03" "14 28 24.074" "+35 26 19.35" 2014A&A...568A..62D 1.3 Galaxy 295.12092 nan 0.0 nan "" 0 nan "" 0 8.0 nan 0 1 nan "" 0.0 nan "" 0.0 3388441561.3920207 "" 0.0 nan "" 0.0 nan "" 0.0 nan "" 0.0 7100000000.0 "" 0.0 nan "" 0.0
"[DSS2017] 9332" "[DSS2017] 9332" "03 33 31.97" "-27 54 10.3" 2014A&A...568A..62D 1.32 AGN 316.22777 nan 0.0 nan "" 0 nan "" 0 nan nan 0 0 nan "" 0.0 nan "" 0.0 5128613839.913659 "" 0.0 nan "" 0.0 nan "" 0.0 nan "" 0.0 nan "" 0.0 nan "" 0.0
"LESS J033150.8-274438" "LESS J033150.8-274438" "03 31 50.81" "-27 44 38.5" 2014A&A...568A..62D 1.61 PairG 724.43596 nan 0.0 nan "" 0 nan "" 0 nan nan 0 0 nan "" 0.0 nan "" 0.0 26915348039.26914 "" 1.0 nan "" 0.0 nan "" 0.0 nan "" 0.0 nan "" 0.0 nan "" 0.0
"LESS J033140.1-275631" "LESS J033140.1-275631" "03 31 40.1741" "-27 56 22.412" 2014A&A...568A..62D 1.62 Galaxy 295.12092 nan 0.0 nan "" 0 nan "" 0 nan nan 0 0 nan "" 0.0 nan "" 0.0 18620871366.628654 "" 0.0 nan "" 0.0 nan "" 0.0 nan "" 0.0 nan "" 0.0 nan "" 0.0
"H-ATLAS J091043.1-000321" "H-ATLAS J091043.0-000322" "09 10 43.1" "-00 03 21" 2014A&A...568A..62D 1.79 Possible_G 562.34133 nan 0.0 nan "" 0 nan "" 0 18.0 nan 0 1 nan "" 0.0 nan "" 0.0 2511886431.509582 "" 0.0 nan "" 0.0 nan "" 0.0 nan "" 0.0 2100000000.0 "" 0.0 nan "" 0.0
"2XMM J094144.6+385440" "2XMM J094144.6+385440" "09 41 44.6611" "+38 54 39.708" 2014A&A...568A..62D 1.82 Seyfert_1 1350.0 190.0 0.0 nan "" 0 nan "" 0 nan nan 0 0 nan "" 0.0 nan "" 0.0 nan "" 0.0 nan "" 0.0 nan "" 0.0 nan "" 0.0 24000000000.0 "" 0.0 nan "" 0.0
"SWIRE J104704.97+592332.3" "SWIRE J104704.97+592332.3" "10 47 04.97" "+59 23 32.3" 2014A&A...568A..62D 1.95 StarburstG 1150.5273 nan 0.0 nan "" 0 nan "" 0 nan nan 0 0 nan "" 0.0 nan "" 0.0 nan "" 0.0 nan "" 0.0 nan "" 0.0 nan "" 0.0 20000000000.0 "" 0.0 nan "" 0.0
"SWIRE J104738.32+591010.0" "SWIRE J104738.32+591010.0" "10 47 38.32" "+59 10 10.0" 2014A&A...568A..62D 1.96 StarburstG 812.83052 nan 0.0 nan "" 0 nan "" 0 nan nan 0 0 nan "" 0.0 nan "" 0.0 nan "" 0.0 nan "" 0.0 nan "" 0.0 nan "" 0.0 12000000000.0 "" 0.0 nan "" 0.0
"NAME Eyelash" "NAME Eyelash" "21 35 11.60" "-01 02 52.0" 2014A&A...568A..62D 2.33 LensedG 354.81339 nan 0.0 nan "" 0 nan "" 0 32.5 nan 0 1 nan "" 0.0 nan "" 0.0 15135612484.362072 "" 1.0 8128305161.640995 "" 1.0 nan "" 0.0 nan "" 0.0 5600000000.0 "" 0.0 nan "" 0.0
"HerBS 59" "HerBS 59" "09 13 05.0" "-00 53 43" 2014A&A...568A..62D 2.63 Galaxy 1380.38426 nan 0.0 nan "" 0 nan "" 0 6.0 nan 0 1 nan "" 0.0 nan "" 0.0 20417379446.695316 "" 1.0 16595869074.375631 "" 1.0 nan "" 0.0 nan "" 0.0 nan "" 0.0 nan "" 0.0
"NAME SMM J02399-0136" "NAME SMM J02399-0136" "02 39 51.87" "-01 35 58.8" 2014A&A...568A..62D 2.81 Galaxy 600.0 nan 0.0 nan "" 0 nan "" 0 2.38 nan 0 1 nan "" 0.0 nan "" 0.0 nan "" 0.0 45708818961.48752 "" 0.0 nan "" 0.0 nan "" 0.0 nan "" 0.0 nan "" 0.0
"SDP 81" "SDP 81" "09 03 11.574" "+00 39 06.55" 2014A&A...568A..62D 3.04 Galaxy 338.84416 nan 0.0 nan "" 0 nan "" 0 25.0 7.0 0 1 nan "" 0.0 nan "" 0.0 nan "" 0.0 5754399373.371567 "" 0.0 nan "" 0.0 nan "" 0.0 13000000000.0 "" 0.0 nan "" 0.0
"NAME G15.v2.779" "NAME G15.v2.779" "14 24 13.9" "+02 23 04" 2014A&A...568A..62D 4.24 Galaxy 741.31024 nan 0.0 nan "" 0 nan "" 0 5.8 nan 0 1 nan "" 0.0 nan "" 0.0 nan "" 0.0 nan "" 0.0 nan "" 0.0 nan "" 0.0 530000000.0 "" 0.0 nan "" 0.0
"[HKS2013] ALESS 065.1" "[HKS2013] ALESS 065.1" "03 32 52.27" "-27 35 26.3" 2014A&A...568A..62D 4.42 Galaxy 309.02954 nan 0.0 nan "" 0 nan "" 0 nan nan 0 0 nan "" 0.0 nan "" 0.0 nan "" 0.0 nan "" 0.0 nan "" 0.0 nan "" 0.0 3300000000.0 "" 0.0 nan "" 0.0
"[HKS2013] ALESS 061.1" "[HKS2013] ALESS 061.1" "03 32 45.87" "-28 00 23.4" 2014A&A...568A..62D 4.44 Galaxy 323.59366 nan 0.0 nan "" 0 nan "" 0 nan nan 0 0 nan "" 0.0 nan "" 0.0 nan "" 0.0 nan "" 0.0 nan "" 0.0 nan "" 0.0 1500000000.0 "" 0.0 nan "" 0.0
"[FIK97] G1" "[FIK97] G1" "13 59 49.430" "+62 30 45.13" 2014A&A...568A..62D 4.93 EmG 363.07805 nan 0.0 nan "" 0 nan "" 0 11.0 nan 0 1 nan "" 0.0 nan "" 0.0 nan "" 0.0 nan "" 0.0 nan "" 0.0 nan "" 0.0 9500000000.0 "" 1.0 nan "" 0.0
"[CRR2012] HLS J091828.6+514223" "[CRR2012] HLS J091828.6+514223" "09 18 28.60" "+51 42 23.3" 2014A&A...568A..62D 5.24 Galaxy 2754.2287 nan 0.0 nan "" 0 nan "" 0 8.9 1.9 0 1 nan "" 0.0 nan "" 0.0 nan "" 0.0 nan "" 0.0 nan "" 0.0 nan "" 0.0 15000000000.0 "" 0.0 nan "" 0.0
HFLS3 "NAME HFLS 3" "17 06 47.8" "+58 46 23" 2014A&A...568A..62D 6.34 Galaxy 1320.0 nan 0.0 nan "" 0 nan "" 0 2.2 0.3 0 1 nan "" 0.0 nan "" 0.0 nan "" 0.0 nan "" 0.0 nan "" 0.0 nan "" 0.0 7000000000.0 "" 0.0 nan "" 0.0
Himiko "NAME Himiko" "02 17 57.6122" "-05 08 44.898" 2014A&A...568A..62D 6.6 EmG 100.0 nan 0.0 nan "" 0 nan "" 0 nan nan 0 0 nan "" 0.0 nan "" 0.0 nan "" 0.0 nan "" 0.0 nan "" 0.0 nan "" 0.0 56000000.0 "" 1.0 nan "" 0.0
"2MASS J14323485+3328322" "2MASS J14323485+3328322" "14 32 34.85" "+33 28 32.3" 2014ApJ...796...63M 0.25 Galaxy 125.95041 "" 0.0 nan "" 0 nan "" 0 nan nan 0 0 nan "" 0.0 nan "" 0.0 nan "" 0.0 nan "" 0.0 nan "" 0.0 nan "" 0.0 2500000000.0 "" 0.0 316738688.4162126 "" 1.0
"2MASX J14284971+3432397" "2MASX J14284971+3432397" "14 28 49.856" "+34 32 40.05" 2014ApJ...796...63M 0.219 Galaxy 117.73404 "" 0.0 nan "" 0 nan "" 0 nan nan 0 0 nan "" 0.0 nan "" 0.0 nan "" 0.0 nan "" 0.0 nan "" 0.0 nan "" 0.0 490000000.0 "" 0.0 187909571.86291406 "" 1.0
"ATCDFS J032904.42-284751.3" "ATCDFS J032904.42-284751.3" "03 29 04.43" "-28 47 51.3" 2014ApJ...796...63M 0.289 AGN 97.57291 "" 0.0 nan "" 0 nan "" 0 nan nan 0 0 nan "" 0.0 nan "" 0.0 nan "" 0.0 nan "" 0.0 nan "" 0.0 nan "" 0.0 1600000000.0 "" 0.0 352809462.92562777 "" 1.0
"2dFGRS TGS243Z133" "2dFGRS TGS243Z133" "03 28 18.08" "-27 43 08.6" 2014ApJ...796...63M 0.248 Galaxy 104.77186 "" 0.0 nan "" 0 nan "" 0 nan nan 0 0 nan "" 0.0 nan "" 0.0 nan "" 0.0 nan "" 0.0 nan "" 0.0 342119270.40408033 "" 1.0 390000000.0 "" 0.0 362853771.6406913 "" 1.0
"[MRH2014] ELAISN" "[MRH2014] ELAISN" "16 10 27.00" "+53 12 43.0" 2014ApJ...796...63M 0.693 Galaxy 538.81018 "" 0.0 nan "" 0 nan "" 0 nan nan 0 0 nan "" 0.0 nan "" 0.0 nan "" 0.0 nan "" 0.0 nan "" 0.0 nan "" 0.0 3200000000.0 "" 1.0 nan "" 0.0
"2MASS J00401463-4320102" "2MASS J00401463-4320102" "00 40 14.636" "-43 20 10.21" 2014ApJ...796...63M 0.265 Galaxy 61.64005 "" 0.0 nan "" 0 nan "" 0 nan nan 0 0 nan "" 0.0 nan "" 0.0 nan "" 0.0 nan "" 0.0 nan "" 0.0 nan "" 0.0 1200000000.0 "" 0.0 361643632.73112535 "" 1.0
"SDSS J172017.29+591637.6" "FLSVLA J172017.1+591637" "17 20 17.293" "+59 16 37.66" 2014ApJ...796...63M 0.417 Galaxy 113.91861 "" 0.0 nan "" 0 nan "" 0 nan nan 0 0 nan "" 0.0 nan "" 0.0 nan "" 0.0 nan "" 0.0 nan "" 0.0 1088218950.3695657 "" 1.0 1600000000.0 "" 1.0 880939150.2991722 "" 1.0
"SDSS J171331.51+585804.4" "SSTXFLS24 J171331.5+585804" "17 13 31.515" "+58 58 04.49" 2014ApJ...796...63M 0.436 AGN 403.83709 "" 0.0 nan "" 0 nan "" 0 nan nan 0 0 nan "" 0.0 nan "" 0.0 nan "" 0.0 nan "" 0.0 nan "" 0.0 nan "" 0.0 4600000000.0 "" 0.0 287925473.3176959 "" 1.0
"NAME HLock01" "NAME HLock01" "10 57 51.1" "+57 30 27" 2014ApJ...796...63M 2.957 Galaxy 2109.28441 "" 0.0 nan "" 0 nan "" 0 10.9 0.7 0 1 nan "" 0.0 nan "" 0.0 nan "" 0.0 nan "" 0.0 nan "" 0.0 227189387985.29453 "" 1.0 110000000000.0 "" 0.0 nan "" 0.0
"2XMM J105113.8+571427" "SDSS J105113.29+571426.7" "10 51 13.295" "+57 14 26.71" 2014ApJ...796...63M 0.362 AGN 125.24066 "" 0.0 nan "" 0 nan "" 0 nan nan 0 0 nan "" 0.0 nan "" 0.0 nan "" 0.0 nan "" 0.0 nan "" 0.0 706051949.5778157 "" 1.0 580000000.0 "" 0.0 594570062.802371 "" 1.0
"2MASS J10323767+5808446" "2MASS J10323767+5808446" "10 32 37.480" "+58 08 45.91" 2014ApJ...796...63M 0.251 Galaxy 100.04078 "" 0.0 nan "" 0 nan "" 0 nan nan 0 0 nan "" 0.0 nan "" 0.0 nan "" 0.0 nan "" 0.0 nan "" 0.0 nan "" 0.0 890000000.0 "" 0.0 255698035.7390139 "" 1.0
"[MRH2014] SWIRE5" "[MRH2014] SWIRE5" "10 35 57.90" "+58 58 46.2" 2014ApJ...796...63M 0.366 Galaxy 180.99241 "" 0.0 nan "" 0 nan "" 0 nan nan 0 0 nan "" 0.0 nan "" 0.0 nan "" 0.0 nan "" 0.0 nan "" 0.0 19064115.294952095 "" 1.0 920000000.0 "" 1.0 7625646.117980837 "" 1.0
"[MRH2014] SWIRE7" "[MRH2014] SWIRE7" "11 02 05.70" "+57 57 40.6" 2014ApJ...796...63M 0.55 Galaxy 567.51532 "" 0.0 nan "" 0 nan "" 0 nan nan 0 0 nan "" 0.0 nan "" 0.0 nan "" 0.0 nan "" 0.0 nan "" 0.0 3712624749.4935546 "" 1.0 1800000000.0 "" 1.0 1806141770.0238914 "" 1.0
"NAME HXMM01" "NAME HXMM01" "02 20 16.5" "-06 01 43" 2014ApJ...796...63M 2.308 Galaxy 3634.86486 "" 0.0 nan "" 0 nan "" 0 1.5 0.3 0 1 nan "" 0.0 nan "" 0.0 nan "" 0.0 nan "" 0.0 nan "" 0.0 80977808542.9018 "" 1.0 64000000000.0 "" 0.0 nan "" 0.0
