data/raw/complete_sample_clean.ecsv
# %ECSV 1.0
# ---
# datatype:
# - {name: Name, datatype: string}
# - {name: SIMBADName, datatype: string}
# - {name: RA, datatype: string}
# - {name: DEC, datatype: string}
# - {name: Reference, datatype: string}
# - {name: z, datatype: float64}
# - {name: SIMBADType, datatype: string}
# - {name: SFR, datatype: float64}
# - {name: SFR_err, datatype: float64}
# - {name: LimSFR, datatype: float64}
# - {name: Mstar, datatype: float64}
# - {name: Mstar_err, datatype: float64}
# - {name: LimMstar, datatype: int64}
# - {name: Metal, datatype: float64}
# - {name: Metal_err, datatype: float64}
# - {name: LimMetal, datatype: int64}
# - {name: mu, datatype: float64}
# - {name: mu_err, datatype: float64}
# - {name: Limmu, datatype: int64}
# - {name: mu_flag, datatype: int64}
# - {name: LOIII52, datatype: float64}
# - {name: LOIII52_err, datatype: int64}
# - {name: LimOIII52, datatype: float64}
# - {name: LNIII57, datatype: float64}
# - {name: LNIII57_err, datatype: int64}
# - {name: LimNIII57, datatype: float64}
# - {name: LOI63, datatype: float64}
# - {name: LOI63_err, datatype: float64}
# - {name: LimOI63, datatype: float64}
# - {name: LOIII88, datatype: float64}
# - {name: LOIII88_err, datatype: int64}
# - {name: LimOIII88, datatype: float64}
# - {name: LNII122, datatype: float64}
# - {name: LNII122_err, datatype: int64}
# - {name: LimNII122, datatype: float64}
# - {name: LOI145, datatype: float64}
# - {name: LOI145_err, datatype: int64}
# - {name: LimOI145, datatype: float64}
# - {name: LCII, datatype: float64}
# - {name: LCII_err, datatype: float64}
# - {name: LimCII, datatype: float64}
# - {name: LNII205, datatype: float64}
# - {name: LNII205_err, datatype: int64}
# - {name: LimNII205, datatype: float64}
# schema: astropy-2.0
Name SIMBADName RA DEC Reference z SIMBADType SFR SFR_err LimSFR Mstar Mstar_err LimMstar Metal Metal_err LimMetal mu mu_err Limmu mu_flag LOIII52 LOIII52_err LimOIII52 LNIII57 LNIII57_err LimNIII57 LOI63 LOI63_err LimOI63 LOIII88 LOIII88_err LimOIII88 LNII122 LNII122_err LimNII122 LOI145 LOI145_err LimOI145 LCII LCII_err LimCII LNII205 LNII205_err LimNII205
[from data line 949]
NGC3184 "NGC  3180" "10 18 16.985" "+41 25 27.77" 2016ApJS..226...19F 0.002 GinGroup 0.18647 nan 0.0 nan "" 0 nan "" 0 nan "" 0 0 nan "" 0.0 nan "" 0.0 342209.5531929713 "" 0.0 117260.6184112731 "" 0.0 nan "" 0.0 nan "" 0.0 780000.0 "" 0.0 83039.66149442687 "" 0.0
NGC3198 "NGC  3198" "10 19 54.990" "+45 32 58.88" 2016ApJS..226...19F 0.0022 EmG 0.1888 nan 0.0 nan "" 0 nan "" 0 nan "" 0 0 nan "" 0.0 nan "" 0.0 407688.2042732097 "" 0.0 297582.63085635746 "" 0.0 nan "" 0.0 nan "" 0.0 1600000.0 "" 0.0 103261.17375854678 "" 0.0
NGC3227 "NGC  3227" "10 23 30.57" "+19 51 54.3" 2016ApJS..226...19F 0.0039 GinPair 0.6836 nan 0.0 nan "" 0 nan "" 0 nan "" 0 0 nan "" 0.0 325275.9557007411 "" 0.0 10822984.902380753 "" 0.0 1729002.1519720214 "" 0.0 688119.0238237733 "" 0.0 683537.6547970243 "" 0.0 7000000.0 "" 0.0 915354.01877412 "" 0.0
NGC3256 "NGC  3256" "10 27 51.284" "-43 54 13.55" 2016ApJS..226...19F 0.0094 IG 36.80304 nan 0.0 nan "" 0 nan "" 0 nan "" 0 0 nan "" 0.0 92164120.48816659 "" 0.0 571703085.6070515 "" 0.0 250304003.2932501 "" 0.0 76344703.94116287 "" 0.0 42659224.68314663 "" 0.0 800000000.0 "" 0.0 24576012.674139325 "" 0.0
NGC3393 "NGC  3393" "10 48 23.467" "-25 09 43.30" 2016ApJS..226...19F 0.0125 Seyfert_2 1.77099 nan 0.0 nan "" 0 nan "" 0 nan "" 0 0 nan "" 0.0 nan "" 0.0 nan "" 0.0 nan "" 0.0 nan "" 0.0 nan "" 0.0 39000000.0 "" 0.0 3384954.9942168766 "" 0.0
NGC3516 "NGC  3516" "11 06 47.4596" "+72 34 07.189" 2016ApJS..226...19F 0.0088 Seyfert_1 0.62234 nan 0.0 nan "" 0 nan "" 0 nan "" 0 0 nan "" 0.0 nan "" 0.0 11539386.82801051 "" 0.0 13044735.059510767 "" 0.0 2333047.2521760776 "" 0.0 1548911.0067061442 "" 1.0 10000000.0 "" 0.0 1679600.3617173228 "" 0.0
NGC3621 "NGC  3621" "11 18 16.300" "-32 48 45.36" 2016ApJS..226...19F 0.0024 AGN 0.98093 nan 0.0 nan "" 0 nan "" 0 nan "" 0 0 nan "" 0.0 nan "" 0.0 965746.4671633587 "" 0.0 753886.4851408163 "" 0.0 199119.2224938522 "" 0.0 nan "" 0.0 5400000.0 "" 0.0 126315.12509186138 "" 0.0
NGC3627 "M  66" "11 20 15.026" "+12 59 28.64" 2016ApJS..226...19F 0.0024 GinPair 1.91184 nan 0.0 nan "" 0 nan "" 0 nan "" 0 0 nan "" 0.0 nan "" 0.0 2068708.9993355 "" 0.0 453094.21180166584 "" 0.0 330343.56989127345 "" 0.0 168962.6136435027 "" 0.0 3900000.0 "" 0.0 330704.60939359927 "" 0.0
NGC3783 "NGC  3783" "11 39 01.7095" "-37 44 19.008" 2016ApJS..226...19F 0.0097 Seyfert_1 1.468 nan 0.0 nan "" 0 nan "" 0 nan "" 0 0 nan "" 0.0 4002454.733965636 "" 0.0 33794588.71318149 "" 0.0 9838633.170846794 "" 0.0 2045307.2933296037 "" 0.0 1933638.1839514058 "" 0.0 22000000.0 "" 0.0 2039429.979158447 "" 0.0
NGC3938 "NGC  3938" "11 52 49.453" "+44 07 14.63" 2016ApJS..226...19F 0.0027 GinGroup 0.39415 nan 0.0 nan "" 0 nan "" 0 nan "" 0 0 nan "" 0.0 nan "" 0.0 777604.9964719252 "" 0.0 1084530.7788549948 "" 1.0 792369.6073417237 "" 0.0 nan "" 0.0 2800000.0 "" 0.0 155252.55235932325 "" 0.0
NGC3982 "NGC  3982" "11 56 28.1380" "+55 07 30.842" 2016ApJS..226...19F 0.0037 Seyfert_1 0.5435 nan 0.0 nan "" 0 nan "" 0 nan "" 0 0 nan "" 0.0 1009991.5993142609 "" 1.0 4743593.878112646 "" 0.0 1560437.097996777 "" 0.0 1572220.2819512808 "" 0.0 409046.60895964457 "" 0.0 20000000.0 "" 0.0 1825559.8607100022 "" 0.0
NGC4051 "NGC  4051" "12 03 09.6098" "+44 31 52.693" 2016ApJS..226...19F 0.0023 Seyfert_1 0.30384 nan 0.0 nan "" 0 nan "" 0 nan "" 0 0 nan "" 0.0 218066.41159846194 "" 1.0 1106745.6199537963 "" 0.0 225435.7761319173 "" 0.0 126954.17243964567 "" 0.0 88767.43336637552 "" 0.0 1400000.0 "" 0.0 136668.34276554175 "" 0.0
NGC4151 "NGC  4151" "12 10 32.5771" "+39 24 21.057" 2016ApJS..226...19F 0.0033 Seyfert_1 0.31447 nan 0.0 nan "" 0 nan "" 0 nan "" 0 0 2543639.849890845 "" 0.0 1471599.8602983833 "" 0.0 21922978.224175595 "" 0.0 3277746.7549175485 "" 0.0 480149.2615673606 "" 0.0 1258952.7015093456 "" 0.0 4300000.0 "" 0.0 448997.12138629047 "" 0.0
NGC4303 "M  61" "12 21 54.9275" "+04 28 25.588" 2016ApJS..226...19F 0.0052 Seyfert_2 5.01995 nan 0.0 nan "" 0 nan "" 0 nan "" 0 0 nan "" 0.0 nan "" 0.0 7728262.515869875 "" 0.0 1574929.9911877569 "" 0.0 2402777.8502711323 "" 0.0 657903.485747296 "" 0.0 nan "" 0.0 583868.3028777669 "" 0.0
NGC4388 "NGC  4388" "12 25 46.820" "+12 39 43.45" 2016ApJS..226...19F 0.0084 Seyfert_2 3.61615 nan 0.0 nan "" 0 nan "" 0 nan "" 0 0 nan "" 0.0 10197025.013788931 "" 0.0 95295197.82197317 "" 0.0 58283773.13944436 "" 0.0 5774800.9908143515 "" 0.0 7052722.701049599 "" 0.0 100000000.0 "" 0.0 4022599.066858899 "" 0.0
NGC4418 "NGC  4355" "12 26 54.628" "-00 52 39.51" 2016ApJS..226...19F 0.0073 Seyfert_2 8.64215 nan 0.0 nan "" 0 nan "" 0 nan "" 0 0 18197675.029611487 "" 1.0 4796083.865871898 "" 1.0 2231420.4443412526 "" 0.0 3910703.2671476332 "" 1.0 820038.8424620879 "" 0.0 486795.9712077526 "" 0.0 6800000.0 "" 0.0 nan "" 0.0
NGC4486 "M  87" "12 30 49.4233" "+12 23 28.043" 2016ApJS..226...19F 0.0043 BClG 0.03451 nan 0.0 nan "" 0 nan "" 0 nan "" 0 0 nan "" 0.0 nan "" 0.0 540987.2607940184 "" 0.0 nan "" 0.0 nan "" 0.0 48564.61920894996 "" 1.0 300000.0 "" 0.0 391905.1796311093 "" 0.0
NGC4507 "NGC  4507" "12 35 36.6328" "-39 54 33.661" 2016ApJS..226...19F 0.0118 Seyfert_2 2.83981 nan 0.0 nan "" 0 nan "" 0 nan "" 0 0 nan "" 0.0 nan "" 0.0 114903914.07492742 "" 0.0 21586220.478475053 "" 0.0 4683230.0321737435 "" 0.0 7172280.33812731 "" 0.0 58000000.0 "" 0.0 3009408.8997465884 "" 0.0
NGC4536 "NGC  4536" "12 34 27.129" "+02 11 16.37" 2016ApJS..226...19F 0.006 GinPair 5.07686 nan 0.0 nan "" 0 nan "" 0 nan "" 0 0 nan "" 0.0 nan "" 0.0 87426535.49990696 "" 0.0 37410455.96106539 "" 0.0 11191027.693280237 "" 0.0 nan "" 0.0 160000000.0 "" 0.0 4531198.667219497 "" 0.0
NGC454E "LEDA    4468" "01 14 24.9320" "-55 23 49.367" 2016ApJS..226...19F 0.0122 Seyfert_2 nan nan 0.0 nan "" 0 nan "" 0 nan "" 0 0 nan "" 0.0 nan "" 0.0 nan "" 0.0 nan "" 0.0 nan "" 0.0 nan "" 0.0 10000000.0 "" 0.0 3195964.5449552927 "" 0.0
NGC4559 "NGC  4559" "12 35 57.6399" "+27 57 35.859" 2016ApJS..226...19F 0.0027 HII_G 0.40457 nan 0.0 nan "" 0 nan "" 0 nan "" 0 0 nan "" 0.0 nan "" 0.0 1154121.350220783 "" 0.0 715706.5647318825 "" 0.0 251921.58373099452 "" 0.0 nan "" 0.0 3400000.0 "" 0.0 154446.63009200897 "" 0.0
NGC4569 "M  90" "12 36 49.816" "+13 09 46.33" 2016ApJS..226...19F 0.0007 Seyfert_2 0.03135 nan 0.0 nan "" 0 nan "" 0 nan "" 0 0 nan "" 0.0 nan "" 0.0 176675.68394860157 "" 0.0 55047.22296366087 "" 0.0 21084.060429918358 "" 0.0 nan "" 0.0 360000.0 "" 0.0 39646.10405432756 "" 0.0
NGC4579 "M  58" "12 37 43.597" "+11 49 05.12" 2016ApJS..226...19F 0.0051 Seyfert 1.017 nan 0.0 nan "" 0 nan "" 0 nan "" 0 0 nan "" 0.0 nan "" 0.0 5091383.8677632855 "" 0.0 3753041.285535858 "" 1.0 1197879.8615377205 "" 0.0 nan "" 0.0 9600000.0 "" 0.0 547647.3083324322 "" 0.0
NGC4593 "NGC  4593" "12 39 39.4435" "-05 20 39.035" 2016ApJS..226...19F 0.0091 Seyfert_1 1.33181 nan 0.0 nan "" 0 nan "" 0 nan "" 0 0 nan "" 0.0 852569.5529329951 "" 0.0 8782493.764037093 "" 0.0 2100608.2359657255 "" 0.0 1083687.773146082 "" 0.0 811481.9019931197 "" 0.0 6900000.0 "" 0.0 1782178.5738291154 "" 0.0
NGC4594 "M 104" "12 39 59.4318" "-11 37 22.995" 2016ApJS..226...19F 0.0034 LINER 0.37628 nan 0.0 nan "" 0 nan "" 0 nan "" 0 0 nan "" 0.0 nan "" 0.0 2160361.461784092 "" 0.0 1089149.3739346566 "" 1.0 431211.32114878413 "" 0.0 nan "" 0.0 1900000.0 "" 0.0 248968.92508134298 "" 0.0
NGC4631 "NGC  4631" "12 42 08.009" "+32 32 29.44" 2016ApJS..226...19F 0.002 GinPair 1.79224 nan 0.0 nan "" 0 nan "" 0 nan "" 0 0 nan "" 0.0 nan "" 0.0 3892856.8565836074 "" 0.0 5128827.723216613 "" 0.0 920713.0645352949 "" 0.0 nan "" 0.0 17000000.0 "" 0.0 1477802.070199291 "" 0.0
NGC4636 "NGC  4636" "12 42 49.867" "+02 41 16.01" 2016ApJS..226...19F 0.0031 LINER nan nan 0.0 nan "" 0 nan "" 0 nan "" 0 0 nan "" 0.0 nan "" 0.0 252124.14771038655 "" 0.0 nan "" 0.0 nan "" 0.0 52952.08801501635 "" 1.0 530000.0 "" 0.0 208799.71354853723 "" 0.0
NGC4696 "NGC  4696" "12 48 49.277" "-41 18 39.92" 2016ApJS..226...19F 0.0099 BClG 0.12342 nan 0.0 nan "" 0 nan "" 0 nan "" 0 0 nan "" 0.0 nan "" 0.0 4370713.304046509 "" 0.0 2236741.2770932135 "" 1.0 1583854.54445552 "" 0.0 634750.8659525565 "" 0.0 7900000.0 "" 0.0 2097700.593373236 "" 0.0
NGC4725 "NGC  4725" "12 50 26.5692" "+25 30 02.737" 2016ApJS..226...19F 0.004 Seyfert_2 0.59033 nan 0.0 nan "" 0 nan "" 0 nan "" 0 0 nan "" 0.0 nan "" 0.0 1605639.3128126017 "" 0.0 1421369.3380173184 "" 1.0 12555263.04466816 "" 0.0 nan "" 0.0 1100000.0 "" 0.0 345630.797853439 "" 0.0
NGC4736 "M  94" "12 50 53.148" "+41 07 12.55" 2016ApJS..226...19F 0.001 Seyfert 0.36455 nan 0.0 nan "" 0 nan "" 0 nan "" 0 0 nan "" 0.0 nan "" 0.0 331538.05918744503 "" 0.0 114238.80311072723 "" 0.0 67910.05803825935 "" 0.0 20159.78769680976 "" 0.0 730000.0 "" 0.0 97632.8193431638 "" 0.0
NGC4826 "M  64" "12 56 43.696" "+21 40 57.57" 2016ApJS..226...19F 0.0014 Seyfert 0.35734 nan 0.0 nan "" 0 nan "" 0 nan "" 0 0 nan "" 0.0 nan "" 0.0 1606632.058491843 "" 0.0 398848.03851944476 "" 0.0 888637.4519454415 "" 0.0 157132.27287597844 "" 0.0 4900000.0 "" 0.0 468671.96249962907 "" 0.0
NGC4922 "NGC  4922" "13 01 25.2660" "+29 18 49.879" 2016ApJS..226...19F 0.0236 Seyfert 15.26044 nan 0.0 nan "" 0 nan "" 0 nan "" 0 0 nan "" 0.0 nan "" 0.0 108107916.30007449 "" 0.0 32756769.02490875 "" 0.0 nan "" 0.0 nan "" 0.0 150000000.0 "" 0.0 12235305.696485676 "" 0.0
NGC4941 "NGC  4941" "13 04 13.1053" "-05 33 05.754" 2016ApJS..226...19F 0.0037 Seyfert_2 0.12221 nan 0.0 nan "" 0 nan "" 0 nan "" 0 0 nan "" 0.0 nan "" 0.0 nan "" 0.0 nan "" 0.0 nan "" 0.0 nan "" 0.0 1800000.0 "" 0.0 291581.0293141901 "" 0.0
NGC4945 "NGC  4945" "13 05 27.279" "-49 28 04.44" 2016ApJS..226...19F 0.0019 Seyfert_2 10.05221 nan 0.0 nan "" 0 nan "" 0 nan "" 0 0 20821770.332273368 "" 1.0 5386794.622844476 "" 0.0 29653872.134626508 "" 0.0 8362847.302161813 "" 0.0 12035317.550181285 "" 0.0 9919239.164362181 "" 0.0 56000000.0 "" 0.0 nan "" 0.0
NGC5033 "NGC  5033" "13 13 27.535" "+36 35 37.14" 2016ApJS..226...19F 0.0029 Seyfert_1 0.88432 nan 0.0 nan "" 0 nan "" 0 nan "" 0 0 nan "" 0.0 652282.8757862701 "" 0.0 4639270.327063013 "" 0.0 1350110.4263409383 "" 0.0 3006992.566186315 "" 0.0 374303.5802407565 "" 0.0 17000000.0 "" 0.0 181655.02333151933 "" 0.0
NGC5135 "NGC  5135" "13 25 44.059" "-29 50 01.24" 2016ApJS..226...19F 0.0137 Seyfert_2 16.12876 nan 0.0 nan "" 0 nan "" 0 nan "" 0 0 nan "" 0.0 nan "" 0.0 165202262.70634824 "" 0.0 67542292.05640696 "" 0.0 nan "" 0.0 12353869.45748373 "" 0.0 260000000.0 "" 0.0 17974587.436646633 "" 0.0
NGC5194 "M  51" "13 29 52.698" "+47 11 42.93" 2016ApJS..226...19F 0.0015 GinPair 1.12409 nan 0.0 nan "" 0 nan "" 0 nan "" 0 0 nan "" 0.0 nan "" 0.0 1822327.0692979156 "" 0.0 nan "" 0.0 1252594.034949715 "" 0.0 nan "" 0.0 4800000.0 "" 0.0 1837673.95364339 "" 0.0
NGC5347 "NGC  5347" "13 53 17.7993" "+33 29 26.989" 2016ApJS..226...19F 0.0078 Seyfert_2 0.44419 nan 0.0 nan "" 0 nan "" 0 nan "" 0 0 nan "" 0.0 nan "" 0.0 nan "" 0.0 nan "" 0.0 nan "" 0.0 nan "" 0.0 4900000.0 "" 0.0 1303069.7247910593 "" 0.0
NGC5353 "NGC  5353" "13 53 26.7" "+40 16 59" 2016ApJS..226...19F 0.0078 GinPair 0.15706 nan 0.0 nan "" 0 nan "" 0 nan "" 0 0 nan "" 0.0 nan "" 0.0 1373543.1406641938 "" 0.0 nan "" 0.0 nan "" 0.0 nan "" 0.0 650000.0 "" 1.0 1291651.6903528827 "" 0.0
NGC5506 "NGC  5506" "14 13 14.901" "-03 12 27.22" 2016ApJS..226...19F 0.0062 AGN 1.36971 nan 0.0 nan "" 0 nan "" 0 nan "" 0 0 23993501.8603178 "" 0.0 7263395.4468167275 "" 0.0 38595780.89373797 "" 0.0 24123248.191694442 "" 0.0 3335641.8011629153 "" 0.0 3253076.322060597 "" 0.0 28000000.0 "" 0.0 818576.8645284817 "" 0.0
NGC5548 "NGC  5548" "14 17 59.5401" "+25 08 12.600" 2016ApJS..226...19F 0.0172 Seyfert_1 1.5188 nan 0.0 nan "" 0 nan "" 0 nan "" 0 0 nan "" 0.0 nan "" 0.0 nan "" 0.0 nan "" 0.0 nan "" 0.0 nan "" 0.0 36000000.0 "" 0.0 6426105.675365174 "" 0.0
NGC5728 "NGC  5728" "14 42 23.928" "-17 15 11.41" 2016ApJS..226...19F 0.0094 Seyfert_2 3.81071 nan 0.0 nan "" 0 nan "" 0 nan "" 0 0 12830833.33218643 "" 0.0 nan "" 0.0 44294599.6309227 "" 0.0 28218065.30031474 "" 0.0 6263444.161881425 "" 0.0 4727434.928011783 "" 0.0 47000000.0 "" 0.0 1883375.3459941237 "" 0.0
NGC5793 "NGC  5793" "14 59 24.807" "-16 41 36.55" 2016ApJS..226...19F 0.0116 Seyfert_2 4.06528 nan 0.0 nan "" 0 nan "" 0 nan "" 0 0 nan "" 0.0 nan "" 0.0 nan "" 0.0 nan "" 0.0 nan "" 0.0 nan "" 0.0 91000000.0 "" 0.0 2929680.3196647195 "" 0.0
NGC5990 "NGC  5990" "15 46 16.39" "+02 24 55.8" 2016ApJS..226...19F 0.0128 Seyfert_2 7.70884 nan 0.0 nan "" 0 nan "" 0 nan "" 0 0 nan "" 0.0 nan "" 0.0 79023177.57306097 "" 0.0 30960802.760943513 "" 0.0 nan "" 0.0 nan "" 0.0 250000000.0 "" 0.0 14053565.127710173 "" 0.0
NGC6240 "NGC  6240" "16 52 58.861" "+02 24 03.55" 2016ApJS..226...19F 0.0245 Seyfert_2 61.09922 nan 0.0 nan "" 0 nan "" 0 nan "" 0 0 177125736.34568775 "" 0.0 47542875.645910054 "" 0.0 2341505642.711328 "" 0.0 125893528.90679613 "" 0.0 88049404.24533199 "" 0.0 154609437.40407318 "" 0.0 1200000000.0 "" 0.0 70249350.44278853 "" 0.0
NGC6786 "NGC  6786" "19 10 53.928" "+73 24 36.20" 2016ApJS..226...19F 0.025 Seyfert_2 11.10126 nan 0.0 nan "" 0 nan "" 0 nan "" 0 0 nan "" 0.0 nan "" 0.0 142315309.30606237 "" 0.0 75252202.47471918 "" 0.0 nan "" 0.0 nan "" 0.0 450000000.0 "" 0.0 13794249.367701402 "" 0.0
NGC6860 "NGC  6860" "20 08 46.8871" "-61 05 59.781" 2016ApJS..226...19F 0.0149 Seyfert_1 1.28256 nan 0.0 nan "" 0 nan "" 0 nan "" 0 0 nan "" 0.0 nan "" 0.0 nan "" 0.0 nan "" 0.0 nan "" 0.0 nan "" 0.0 58000000.0 "" 0.0 4809505.477154978 "" 0.0
NGC6926 "NGC  6926" "20 33 06.108" "-02 01 39.07" 2016ApJS..226...19F 0.0196 Seyfert_2 15.18602 nan 0.0 nan "" 0 nan "" 0 nan "" 0 0 nan "" 0.0 nan "" 0.0 59795104.36608029 "" 0.0 39047392.291592576 "" 0.0 15778927.568268988 "" 0.0 nan "" 0.0 320000000.0 "" 0.0 15124500.914403232 "" 0.0
NGC6946 "NGC  6946" "20 34 52.332" "+60 09 13.24" 2016ApJS..226...19F 0.001 HII_G 0.65399 nan 0.0 nan "" 0 nan "" 0 nan "" 0 0 nan "" 0.0 nan "" 0.0 1746482.461160047 "" 0.0 589741.436768391 "" 0.0 516812.959409036 "" 0.0 nan "" 0.0 nan "" 0.0 305822.8800885463 "" 0.0
NGC7172 "NGC  7172" "22 02 01.897" "-31 52 11.60" 2016ApJS..226...19F 0.0087 Seyfert_2 2.47519 nan 0.0 nan "" 0 nan "" 0 nan "" 0 0 nan "" 0.0 3252468.5312837977 "" 0.0 9332154.628411492 "" 0.0 6668495.283893509 "" 0.0 5486203.966028554 "" 0.0 1598195.7707137808 "" 0.0 35000000.0 "" 0.0 10201348.764458487 "" 0.0
NGC7213 "NGC  7213" "22 09 16.2106" "-47 10 00.082" 2016ApJS..226...19F 0.0058 Seyfert_1 0.60544 nan 0.0 nan "" 0 nan "" 0 nan "" 0 0 nan "" 0.0 nan "" 0.0 nan "" 0.0 nan "" 0.0 nan "" 0.0 nan "" 0.0 6500000.0 "" 0.0 730117.3536165006 "" 0.0
NGC7314 "NGC  7314" "22 35 46.1969" "-26 03 01.574" 2016ApJS..226...19F 0.0048 Seyfert_1 0.62553 nan 0.0 nan "" 0 nan "" 0 nan "" 0 0 nan "" 0.0 718452.2460738897 "" 0.0 3165942.3728156635 "" 0.0 2633393.147325897 "" 0.0 504593.8911145242 "" 0.0 343850.70012793154 "" 0.0 6400000.0 "" 0.0 485025.17104850727 "" 0.0
NGC7469 "NGC  7469" "23 03 15.674" "+08 52 25.28" 2016ApJS..226...19F 0.0163 Seyfert_1 32.36016 nan 0.0 nan "" 0 nan "" 0 nan "" 0 0 nan "" 0.0 64770699.601234384 "" 0.0 370194603.7630362 "" 0.0 61815952.94664287 "" 0.0 69161086.52091007 "" 0.0 27611016.798177764 "" 0.0 480000000.0 "" 0.0 19114033.831519425 "" 0.0
NGC7582 "NGC  7582" "23 18 23.621" "-42 22 14.06" 2016ApJS..226...19F 0.0053 GinPair 6.80759 nan 0.0 nan "" 0 nan "" 0 nan "" 0 0 23798435.706995 "" 0.0 11162218.39140638 "" 0.0 38070346.4150195 "" 0.0 34361522.42211517 "" 0.0 12842167.124923969 "" 0.0 5198141.969728344 "" 0.0 72000000.0 "" 0.0 3334368.006792622 "" 0.0
NGC7591 "NGC  7591" "23 18 16.2683" "+06 35 09.111" 2016ApJS..226...19F 0.0165 Seyfert 10.76473 nan 0.0 nan "" 0 nan "" 0 nan "" 0 0 nan "" 0.0 nan "" 0.0 89762948.9002353 "" 0.0 nan "" 0.0 nan "" 0.0 nan "" 0.0 200000000.0 "" 0.0 9272819.168484513 "" 0.0
NGC7592W "Mrk  928A" "23 18 21.8" "-04 24 56" 2016ApJS..226...19F 0.0242 AGN 11.48617 nan 0.0 nan "" 0 nan "" 0 nan "" 0 0 nan "" 0.0 nan "" 0.0 nan "" 0.0 nan "" 0.0 nan "" 0.0 nan "" 0.0 700000000.0 "" 0.0 17622817.626382038 "" 0.0
