data/raw/complete_sample_clean.ecsv
# %ECSV 1.0
# ---
# datatype:
# - {name: Name, datatype: string}
# - {name: SIMBADName, datatype: string}
# - {name: RA, datatype: string}
# - {name: DEC, datatype: string}
# - {name: Reference, datatype: string}
# - {name: z, datatype: float64}
# - {name: SIMBADType, datatype: string}
# - {name: SFR, datatype: float64}
# - {name: SFR_err, datatype: float64}
# - {name: LimSFR, datatype: float64}
# - {name: Mstar, datatype: float64}
# - {name: Mstar_err, datatype: float64}
# - {name: LimMstar, datatype: int64}
# - {name: Metal, datatype: float64}
# - {name: Metal_err, datatype: float64}
# - {name: LimMetal, datatype: int64}
# - {name: mu, datatype: float64}
# - {name: mu_err, datatype: float64}
# - {name: Limmu, datatype: int64}
# - {name: mu_flag, datatype: int64}
# - {name: LOIII52, datatype: float64}
# - {name: LOIII52_err, datatype: int64}
# - {name: LimOIII52, datatype: float64}
# - {name: LNIII57, datatype: float64}
# - {name: LNIII57_err, datatype: int64}
# - {name: LimNIII57, datatype: float64}
# - {name: LOI63, datatype: float64}
# - {name: LOI63_err, datatype: float64}
# - {name: LimOI63, datatype: float64}
# - {name: LOIII88, datatype: float64}
# - {name: LOIII88_err, datatype: int64}
# - {name: LimOIII88, datatype: float64}
# - {name: LNII122, datatype: float64}
# - {name: LNII122_err, datatype: int64}
# - {name: LimNII122, datatype: float64}
# - {name: LOI145, datatype: float64}
# - {name: LOI145_err, datatype: int64}
# - {name: LimOI145, datatype: float64}
# - {name: LCII, datatype: float64}
# - {name: LCII_err, datatype: float64}
# - {name: LimCII, datatype: float64}
# - {name: LNII205, datatype: float64}
# - {name: LNII205_err, datatype: int64}
# - {name: LimNII205, datatype: float64}
# schema: astropy-2.0
Name SIMBADName RA DEC Reference z SIMBADType SFR SFR_err LimSFR Mstar Mstar_err LimMstar Metal Metal_err LimMetal mu mu_err Limmu mu_flag LOIII52 LOIII52_err LimOIII52 LNIII57 LNIII57_err LimNIII57 LOI63 LOI63_err LimOI63 LOIII88 LOIII88_err LimOIII88 LNII122 LNII122_err LimNII122 LOI145 LOI145_err LimOI145 LCII LCII_err LimCII LNII205 LNII205_err LimNII205
[from data line 186]
"NGC 6958" "NGC  6958" "20 48 42.6063" "-37 59 50.877" 2008ApJS..178..280B 0.0091 Galaxy 0.4206 nan 0.0 nan "" 0 nan "" 0 nan "" 0 0 nan "" 0.0 nan "" 0.0 12189199.161690526 "" 1.0 nan "" 0.0 nan "" 0.0 nan "" 0.0 5600000.0 "" 0.0 nan "" 0.0
"NGC 7217" "NGC  7217" "22 07 52.368" "+31 21 33.32" 2008ApJS..178..280B 0.0032 LINER 0.36347 nan 0.0 nan "" 0 nan "" 0 nan "" 0 0 nan "" 0.0 nan "" 0.0 nan "" 0.0 nan "" 0.0 nan "" 0.0 nan "" 0.0 4000000.0 "" 0.0 nan "" 0.0
"NGC 7218" "NGC  7218" "22 10 11.712" "-16 39 39.60" 2008ApJS..178..280B 0.0055 EmG 0.8265 nan 0.0 nan "" 0 nan "" 0 nan "" 0 0 nan "" 0.0 nan "" 0.0 16683769.417354714 "" 0.0 nan "" 0.0 2085471.1771693393 "" 1.0 nan "" 0.0 36000000.0 "" 0.0 nan "" 0.0
"NGC 7314" "NGC  7314" "22 35 46.1969" "-26 03 01.574" 2008ApJS..178..280B 0.0047 Seyfert_1 0.61847 nan 0.0 nan "" 0 nan "" 0 nan "" 0 0 nan "" 0.0 nan "" 0.0 nan "" 0.0 nan "" 0.0 nan "" 0.0 nan "" 0.0 3300000.0 "" 0.0 nan "" 0.0
"NGC 7331" "NGC  7331" "22 37 04.102" "+34 24 57.31" 2008ApJS..178..280B 0.0027 LINER 1.76054 nan 0.0 nan "" 0 nan "" 0 nan "" 0 0 nan "" 0.0 nan "" 0.0 15471647.268950244 "" 1.0 nan "" 0.0 5051037.708280578 "" 0.0 nan "" 0.0 23000000.0 "" 0.0 nan "" 0.0
"NGC 7418" "NGC  7418" "22 56 36.1166" "-37 01 47.864" 2008ApJS..178..280B 0.0048 EmG 0.8074 nan 0.0 nan "" 0 nan "" 0 nan "" 0 0 nan "" 0.0 nan "" 0.0 nan "" 0.0 nan "" 0.0 1720243.9621746894 "" 0.0 nan "" 0.0 20000000.0 "" 0.0 nan "" 0.0
"NGC 7469" "NGC  7469" "23 03 15.674" "+08 52 25.28" 2008ApJS..178..280B 0.0163 Seyfert_1 31.84872 nan 0.0 nan "" 0 nan "" 0 nan "" 0 0 nan "" 0.0 nan "" 0.0 417386469.120727 "" 0.0 nan "" 0.0 nan "" 0.0 nan "" 0.0 370000000.0 "" 0.0 nan "" 0.0
"NGC 7552" "NGC  7552" "23 16 10.767" "-42 35 05.39" 2008ApJS..178..280B 0.0053 GinPair 9.29479 nan 0.0 nan "" 0 nan "" 0 nan "" 0 0 nan "" 0.0 nan "" 0.0 108587164.78168678 "" 0.5 42573062.221794106 "" 0.5 13099403.444444625 "" 0.5 nan "" 0.0 110000000.0 "" 0.5 nan "" 0.0
"NGC 7582" "NGC  7582" "23 18 23.621" "-42 22 14.06" 2008ApJS..178..280B 0.0053 GinPair 6.37505 nan 0.0 nan "" 0 nan "" 0 nan "" 0 0 nan "" 0.0 nan "" 0.0 45098729.97229476 "" 0.5 50884980.4507496 "" 0.5 nan "" 0.0 nan "" 0.0 70000000.0 "" 0.5 nan "" 0.0
"NGC 7714" "NGC  7714" "23 36 14.099" "+02 09 18.07" 2008ApJS..178..280B 0.0093 GinPair 3.87847 nan 0.0 nan "" 0 nan "" 0 nan "" 0 0 nan "" 0.0 nan "" 0.0 151322841.44741035 "" 0.0 136730996.80443177 "" 0.0 nan "" 0.0 nan "" 0.0 99000000.0 "" 0.0 nan "" 0.0
"NGC 7771" "NGC  7771" "23 51 24.880" "+20 06 42.57" 2008ApJS..178..280B 0.0143 GinGroup 21.69644 nan 0.0 nan "" 0 nan "" 0 nan "" 0 0 nan "" 0.0 45800255.92542921 "" 1.0 146306364.2481974 "" 0.0 63611464.03540364 "" 0.0 59794776.04161788 "" 0.0 nan "" 0.0 380000000.0 "" 0.0 nan "" 0.0
"NGC 7793" "NGC  7793" "23 57 49.7533" "-32 35 27.708" 2008ApJS..178..280B 0.0008 GinGroup 0.07048 nan 0.0 nan "" 0 nan "" 0 nan "" 0 0 nan "" 0.0 nan "" 0.0 203633.35287109512 "" 0.0 nan "" 0.0 nan "" 0.0 nan "" 0.0 510000.0 "" 0.0 nan "" 0.0
"PG 1211+143" "PB  3894" "12 14 17.6737" "+14 03 13.182" 2008ApJS..178..280B 0.0809 Seyfert_1 12.56259 nan 0.0 nan "" 0 nan "" 0 nan "" 0 0 nan "" 0.0 nan "" 0.0 3780765784.618519 "" 1.0 nan "" 0.0 nan "" 0.0 nan "" 0.0 1100000000.0 "" 1.0 nan "" 0.0
"UGC 00545" "Mrk 1502" "00 53 34.9326" "+12 41 35.927" 2008ApJS..178..280B 0.0611 Seyfert_1 39.4799 nan 0.0 nan "" 0 nan "" 0 nan "" 0 0 nan "" 0.0 nan "" 0.0 913071564.128668 "" 1.0 nan "" 0.0 nan "" 0.0 nan "" 0.0 360000000.0 "" 1.0 nan "" 0.0
"UGC 00852" "UGC   852" "01 19 38.3106" "+17 33 52.549" 2008ApJS..178..280B 0.0294 Galaxy 6.2338 nan 0.0 nan "" 0 nan "" 0 nan "" 0 0 nan "" 0.0 nan "" 0.0 nan "" 0.0 nan "" 0.0 nan "" 0.0 nan "" 0.0 190000000.0 "" 0.0 nan "" 0.0
"UGC 01449" "Mrk  582" "01 58 06.681" "+03 05 15.29" 2008ApJS..178..280B 0.0186 GinPair 8.70343 nan 0.0 nan "" 0 nan "" 0 nan "" 0 0 nan "" 0.0 nan "" 0.0 188063397.54020527 "" 0.0 nan "" 0.0 24054620.085144136 "" 1.0 nan "" 0.0 320000000.0 "" 0.0 nan "" 0.0
"UGC 02238" "UGC  2238" "02 46 17.482" "+13 05 44.33" 2008ApJS..178..280B 0.0215 Galaxy 20.3482 nan 0.0 nan "" 0 nan "" 0 nan "" 0 0 nan "" 0.0 nan "" 0.0 221316519.18695045 "" 0.0 200932104.77312368 "" 0.0 37856772.1052822 "" 0.0 20384416.583480187 "" 0.0 680000000.0 "" 0.0 nan "" 0.0
"UGC 02519" "UGC  2519" "03 09 18.3472" "+80 07 49.816" 2008ApJS..178..280B 0.0079 Galaxy 1.10579 nan 0.0 nan "" 0 nan "" 0 nan "" 0 0 nan "" 0.0 nan "" 0.0 29190748.798630014 "" 0.0 nan "" 0.0 nan "" 0.0 nan "" 0.0 64000000.0 "" 0.0 nan "" 0.0
"UGC 02855" "UGC  2855" "03 48 20.731" "+70 07 58.37" 2008ApJS..178..280B 0.004 HII_G 3.70524 nan 0.0 nan "" 0 nan "" 0 nan "" 0 0 19291946.303929046 "" 1.0 17610083.60478588 "" 1.0 26118327.702953573 "" 0.0 9002908.314479351 "" 0.0 4254121.459396884 "" 0.0 2869058.5283833365 "" 0.0 47000000.0 "" 0.0 nan "" 0.0
"UGC 03426" "Mrk    3" "06 15 36.458" "+71 02 15.24" 2008ApJS..178..280B 0.0135 Seyfert_2 2.79858 nan 0.0 nan "" 0 nan "" 0 nan "" 0 0 nan "" 0.0 nan "" 0.0 200546225.62481782 "" 0.0 149270196.31631577 "" 0.0 nan "" 0.0 nan "" 0.0 47000000.0 "" 0.0 nan "" 0.0
"UGCA 116" "UGCA 116" "05 55 42.645" "+03 23 32.23" 2008ApJS..178..280B 0.0026 HII_G 0.17786 nan 0.0 nan "" 0 nan "" 0 nan "" 0 0 19694839.11078583 "" 0.0 nan "" 0.0 5614943.416132492 "" 0.0 26160531.19130537 "" 0.0 nan "" 0.0 nan "" 0.0 7800000.0 "" 0.0 nan "" 0.0
"UGCA 332" "UGCA 332" "13 11 58.2" "-12 03 51" 2008ApJS..178..280B 0.007 EmG 0.05732 nan 0.0 nan "" 0 nan "" 0 nan "" 0 0 nan "" 0.0 nan "" 0.0 nan "" 0.0 nan "" 0.0 nan "" 0.0 nan "" 0.0 2100000.0 "" 0.0 nan "" 0.0
"VCC 1003" "NGC  4429" "12 27 26.5039" "+11 06 27.581" 2008ApJS..178..280B 0.0037 GinGroup 0.13398 nan 0.0 nan "" 0 nan "" 0 nan "" 0 0 nan "" 0.0 nan "" 0.0 nan "" 0.0 nan "" 0.0 nan "" 0.0 nan "" 0.0 1300000.0 "" 0.0 nan "" 0.0
"VCC 1043" "NGC  4438" "12 27 45.652" "+13 00 30.92" 2008ApJS..178..280B 0.0031 LINER 0.2263 nan 0.0 nan "" 0 nan "" 0 nan "" 0 0 nan "" 0.0 nan "" 0.0 nan "" 0.0 nan "" 0.0 nan "" 0.0 nan "" 0.0 4400000.0 "" 0.0 nan "" 0.0
"VCC 1110" "NGC  4450" "12 28 29.634" "+17 05 05.82" 2008ApJS..178..280B 0.0065 LINER 0.52227 nan 0.0 nan "" 0 nan "" 0 nan "" 0 0 nan "" 0.0 nan "" 0.0 nan "" 0.0 nan "" 0.0 nan "" 0.0 nan "" 0.0 6600000.0 "" 0.0 nan "" 0.0
"VCC 1158" "NGC  4461" "12 29 03.010" "+13 11 01.88" 2008ApJS..178..280B 0.0064 GinPair 0.03248 nan 0.0 nan "" 0 nan "" 0 nan "" 0 0 nan "" 0.0 nan "" 0.0 nan "" 0.0 nan "" 0.0 nan "" 0.0 nan "" 0.0 2800000.0 "" 1.0 nan "" 0.0
"VCC 1253" "NGC  4477" "12 30 02.172" "+13 38 11.19" 2008ApJS..178..280B 0.0045 Seyfert_2 0.06066 nan 0.0 nan "" 0 nan "" 0 nan "" 0 0 nan "" 0.0 nan "" 0.0 nan "" 0.0 nan "" 0.0 nan "" 0.0 nan "" 0.0 1000000.0 "" 1.0 nan "" 0.0
"VCC 1326" "NGC  4491" "12 30 57.1115" "+11 29 00.712" 2008ApJS..178..280B 0.0017 GinGroup 0.03269 nan 0.0 nan "" 0 nan "" 0 nan "" 0 0 nan "" 0.0 nan "" 0.0 nan "" 0.0 nan "" 0.0 nan "" 0.0 nan "" 0.0 250000.0 "" 0.0 nan "" 0.0
"VCC 1412" "NGC  4503" "12 32 06.193" "+11 10 35.16" 2008ApJS..178..280B 0.0045 GinPair 0.03264 nan 0.0 nan "" 0 nan "" 0 nan "" 0 0 nan "" 0.0 nan "" 0.0 nan "" 0.0 nan "" 0.0 nan "" 0.0 nan "" 0.0 1100000.0 "" 1.0 nan "" 0.0
"VCC 1727" "M  58" "12 37 43.597" "+11 49 05.12" 2008ApJS..178..280B 0.0051 Seyfert 0.90048 nan 0.0 nan "" 0 nan "" 0 nan "" 0 0 nan "" 0.0 nan "" 0.0 nan "" 0.0 nan "" 0.0 nan "" 0.0 nan "" 0.0 12000000.0 "" 0.0 nan "" 0.0
"VCC 1813" "NGC  4596" "12 39 55.9543" "+10 10 34.181" 2008ApJS..178..280B 0.0063 GinPair 0.1202 nan 0.0 nan "" 0 nan "" 0 nan "" 0 0 nan "" 0.0 nan "" 0.0 nan "" 0.0 nan "" 0.0 nan "" 0.0 nan "" 0.0 2200000.0 "" 1.0 nan "" 0.0
"VCC 1869" "NGC  4608" "12 41 13.2831" "+10 09 20.342" 2008ApJS..178..280B 0.0062 GinPair 0.0448 nan 0.0 nan "" 0 nan "" 0 nan "" 0 0 nan "" 0.0 nan "" 0.0 nan "" 0.0 nan "" 0.0 nan "" 0.0 nan "" 0.0 2100000.0 "" 1.0 nan "" 0.0
"VCC 1972" "NGC  4647" "12 43 32.542" "+11 34 56.89" 2008ApJS..178..280B 0.0047 HII_G 0.75823 nan 0.0 nan "" 0 nan "" 0 nan "" 0 0 nan "" 0.0 nan "" 0.0 nan "" 0.0 nan "" 0.0 nan "" 0.0 nan "" 0.0 27000000.0 "" 0.0 nan "" 0.0
"VCC 1987" "NGC  4654" "12 43 56.638" "+13 07 34.86" 2008ApJS..178..280B 0.0035 GinPair 0.94801 nan 0.0 nan "" 0 nan "" 0 nan "" 0 0 nan "" 0.0 nan "" 0.0 nan "" 0.0 nan "" 0.0 nan "" 0.0 nan "" 0.0 22000000.0 "" 0.0 nan "" 0.0
"VCC 2070" "NGC  4698" "12 48 22.9112" "+08 29 14.648" 2008ApJS..178..280B 0.0033 Seyfert_2 0.03614 nan 0.0 nan "" 0 nan "" 0 nan "" 0 0 nan "" 0.0 nan "" 0.0 nan "" 0.0 nan "" 0.0 nan "" 0.0 nan "" 0.0 890000.0 "" 0.0 nan "" 0.0
"VCC 460" "NGC  4293" "12 21 12.891" "+18 22 56.64" 2008ApJS..178..280B 0.003 LINER 0.22773 nan 0.0 nan "" 0 nan "" 0 nan "" 0 0 nan "" 0.0 nan "" 0.0 nan "" 0.0 nan "" 0.0 nan "" 0.0 nan "" 0.0 1500000.0 "" 0.0 nan "" 0.0
"VCC 66" "NGC  4178" "12 12 46.443" "+10 51 57.59" 2008ApJS..178..280B 0.0013 HII_G 0.02423 nan 0.0 nan "" 0 nan "" 0 nan "" 0 0 nan "" 0.0 nan "" 0.0 nan "" 0.0 nan "" 0.0 nan "" 0.0 nan "" 0.0 760000.0 "" 0.0 nan "" 0.0
"VCC 857" "NGC  4394" "12 25 55.6370" "+18 12 50.115" 2008ApJS..178..280B 0.0031 GinPair 0.07048 nan 0.0 nan "" 0 nan "" 0 nan "" 0 0 nan "" 0.0 nan "" 0.0 nan "" 0.0 nan "" 0.0 nan "" 0.0 nan "" 0.0 930000.0 "" 0.0 nan "" 0.0
"VCC 873" "NGC  4402" "12 26 07.6531" "+13 06 47.937" 2008ApJS..178..280B 0.0008 GinPair 0.0214 nan 0.0 nan "" 0 nan "" 0 nan "" 0 0 nan "" 0.0 nan "" 0.0 nan "" 0.0 nan "" 0.0 nan "" 0.0 nan "" 0.0 690000.0 "" 0.0 nan "" 0.0
"VCC 92" "M  98" "12 13 48.292" "+14 54 01.69" 2008ApJS..178..280B 0.0032 LINER 0.49105 nan 0.0 nan "" 0 nan "" 0 nan "" 0 0 nan "" 0.0 nan "" 0.0 nan "" 0.0 nan "" 0.0 nan "" 0.0 nan "" 0.0 5800000.0 "" 0.0 nan "" 0.0
"3C 368" "3C 368.0" "18 05 06.30" "+11 01 32.0" 2010ApJ...724..957S 1.13 RadioG 350.0 35.0 0.0 nan "" 0 nan "" 0 nan "" 0 0 nan "" 0.0 nan "" 0.0 nan "" 0.0 nan "" 0.0 nan "" 0.0 nan "" 0.0 9900000000.0 "" 0.0 nan "" 0.0
3C065 "3C  65" "02 23 43.10" "+40 00 52.0" 2010ApJ...724..957S 1.176 RadioG 100.0 nan 1.0 nan "" 0 nan "" 0 nan "" 0 0 nan "" 0.0 nan "" 0.0 nan "" 0.0 nan "" 0.0 nan "" 0.0 nan "" 0.0 1700000000.0 "" 1.0 nan "" 0.0
"IRAS F10026+4949" "[VV2003] J100552.9+493442" "10 05 52.6327" "+49 34 48.003" 2010ApJ...724..957S 1.124 Seyfert_1 500.0 nan 1.0 nan "" 0 nan "" 0 nan "" 0 0 nan "" 0.0 nan "" 0.0 nan "" 0.0 nan "" 0.0 nan "" 0.0 nan "" 0.0 28000000000.0 "" 0.0 nan "" 0.0
"NAME HBootes03" "NAME HBootes03" "14 28 24.074" "+35 26 19.35" 2010ApJ...724..957S 1.325 Galaxy 194.87274 nan 0.0 nan "" 0 nan "" 0 8.0 "" 0 1 nan "" 0.0 nan "" 0.0 nan "" 0.0 nan "" 0.0 nan "" 0.0 nan "" 0.0 7100000000.0 "" 0.0 nan "" 0.0
"2XMM J094144.6+385440" "2XMM J094144.6+385440" "09 41 44.6611" "+38 54 39.708" 2010ApJ...724..957S 1.8178 Seyfert_1 1350.0 190.0 0.0 nan "" 0 nan "" 0 nan "" 0 0 nan "" 0.0 nan "" 0.0 nan "" 0.0 nan "" 0.0 nan "" 0.0 nan "" 0.0 24000000000.0 "" 0.0 nan "" 0.0
"SMM J123634.51+621241.0" "NAME SMM J123635+621237" "12 36 34.510" "+62 12 41.09" 2010ApJ...724..957S 1.2224 EmG 625.78524 nan 0.0 nan "" 0 nan "" 0 1.0 "" 0 1 nan "" 0.0 nan "" 0.0 nan "" 0.0 nan "" 0.0 nan "" 0.0 nan "" 0.0 15000000000.0 "" 0.0 nan "" 0.0
"NAME SMM J22471-0206" "NAME SMM J22471-0206" "22 47 12.0" "-02 05 38" 2010ApJ...724..957S 1.158 Radio(sub-mm) 1568.16626 nan 0.0 nan "" 0 nan "" 0 2.0 "" 0 1 nan "" 0.0 nan "" 0.0 nan "" 0.0 nan "" 0.0 nan "" 0.0 nan "" 0.0 9600000000.0 "" 0.0 nan "" 0.0
"SWIRE J104704.97+592332.3" "SWIRE J104704.97+592332.3" "10 47 04.97" "+59 23 32.3" 2010ApJ...724..957S 1.9537 StarburstG 1150.5273 nan 0.0 nan "" 0 nan "" 0 1.0 "" 0 1 nan "" 0.0 nan "" 0.0 nan "" 0.0 nan "" 0.0 nan "" 0.0 nan "" 0.0 21000000000.0 "" 0.0 nan "" 0.0
"SWIRE J104738.32+591010.0" "SWIRE J104738.32+591010.0" "10 47 38.32" "+59 10 10.0" 2010ApJ...724..957S 1.9575 StarburstG 460.17616 nan 0.0 nan "" 0 nan "" 0 1.0 "" 0 1 nan "" 0.0 nan "" 0.0 nan "" 0.0 nan "" 0.0 nan "" 0.0 nan "" 0.0 13000000000.0 "" 0.0 nan "" 0.0
"H-ATLAS J090311.6+003906" "SDP 81" "09 03 11.574" "+00 39 06.55" 2011MNRAS.415.3473V 3.043 Galaxy 306.4708 "" 0.0 nan "" 0 nan "" 0 25.0 7.0 0 1 3610291943.067526 "" 1.0 4011435492.2972507 "" 1.0 4412579041.526976 "" 1.0 5214866139.986425 "" 0.0 4412579041.526976 "" 1.0 7621727435.364776 "" 1.0 12000000000.0 "" 0.0 nan "" 0.0
"[LWB2009] MM184222+593828" "[LWB2009] MM184222+593828" "18 42 22.32" "+59 38 29.6" 2012ApJ...752....2D 3.939 LensedG 5846.61418 "" 0.0 nan "" 0 nan "" 0 12.0 nan 0 1 nan "" 0.0 nan "" 0.0 nan "" 0.0 nan "" 0.0 nan "" 0.0 nan "" 0.0 nan "" 0.0 229007286.27753264 "" 0.0
"LESS J033329.9-273441" "LESS J033329.9-273441" "03 33 29.93" "-27 34 41.7" 2012MNRAS.427..520C 1.235 Galaxy 111.58282 "" 0.0 nan "" 0 nan "" 0 nan "" 0 0 nan "" 0.0 nan "" 0.0 9219226227.125643 "" 1.0 nan "" 0.0 nan "" 0.0 nan "" 0.0 nan "" 0.0 nan "" 0.0
"ALESS J033217.64-275230.3" "ALESS J033217.64-275230.3" "03 32 17.6163" "-27 52 28.483" 2012MNRAS.427..520C 1.0979 Galaxy 91.77893 "" 0.0 nan "" 0 nan "" 0 nan "" 0 0 nan "" 0.0 nan "" 0.0 7076990575.446476 "" 1.0 nan "" 0.0 nan "" 0.0 nan "" 0.0 nan "" 0.0 nan "" 0.0
"[DSS2017] 9332" "[DSS2017] 9332" "03 33 31.97" "-27 54 10.3" 2012MNRAS.427..520C 1.315 AGN 216.53539 "" 0.0 nan "" 0 nan "" 0 nan "" 0 0 nan "" 0.0 nan "" 0.0 5664947096.7114315 "" 0.0 nan "" 0.0 nan "" 0.0 nan "" 0.0 nan "" 0.0 nan "" 0.0
"LESS J033155.2-275345" "LESS J033155.2-275345" "03 31 55.19" "-27 53 45.3" 2012MNRAS.427..520C 1.269 GroupG 116.13194 "" 0.0 nan "" 0 nan "" 0 nan "" 0 0 nan "" 0.0 nan "" 0.0 4669688184.098169 "" 0.0 nan "" 0.0 nan "" 0.0 nan "" 0.0 nan "" 0.0 nan "" 0.0
"LESS J033140.1-275631" "LESS J033140.1-275631" "03 31 40.1741" "-27 56 22.412" 2012MNRAS.427..520C 1.617 Galaxy 230.51923 "" 0.0 nan "" 0 nan "" 0 nan "" 0 0 nan "" 0.0 nan "" 0.0 17909050725.25196 "" 0.0 nan "" 0.0 nan "" 0.0 nan "" 0.0 nan "" 0.0 nan "" 0.0
"LESS J033150.8-274438" "LESS J033150.8-274438" "03 31 50.81" "-27 44 38.5" 2012MNRAS.427..520C 1.606 PairG 507.24716 "" 0.0 nan "" 0 nan "" 0 nan "" 0 0 nan "" 0.0 nan "" 0.0 25953161927.413933 "" 1.0 nan "" 0.0 nan "" 0.0 nan "" 0.0 nan "" 0.0 nan "" 0.0
"IRAS 00188-0856" "2MASX J00212652-0839261" "00 21 26.530" "-08 39 26.15" 2013ApJ...776...38F 0.128 LINER 365.57116 "" 0.0 nan "" 0 nan "" 0 nan "" 0 0 76739499.78888892 "" 0.0 62350843.57847225 "" 1.0 424465358.20729184 "" 0.0 nan "" 0.0 101919648.15711807 "" 0.0 106715866.89392364 "" 0.0 460000000.0 "" 0.0 nan "" 0.0
"IRAS 00397-1312" "6dFGS gJ004215.5-125604" "00 42 15.54" "-12 56 03.0" 2013ApJ...776...38F 0.262 HII_G 593.0 "" 0.0 nan "" 0 nan "" 0 nan "" 0 0 1791256260.6944308 "" 0.0 687137647.5450766 "" 0.0 2930612701.9230194 "" 0.0 nan "" 0.0 205553997.1288691 "" 0.0 129205369.62386055 "" 0.0 950000000.0 "" 0.0 nan "" 0.0
"IRAS 01003-2238" "IRAS 01003-2238" "01 02 49.9936" "-22 21 57.258" 2013ApJ...776...38F 0.118 Seyfert_2 311.15152 "" 0.0 nan "" 0 nan "" 0 nan "" 0 0 321920740.39485943 "" 0.0 72432166.58884336 "" 0.0 870192001.3798543 "" 0.0 nan "" 0.0 8048018.509871486 "" 0.0 49294113.37296285 "" 0.0 540000000.0 "" 0.0 nan "" 0.0
"Mrk 1014" "Mrk 1014" "01 59 50.2529" "+00 23 40.874" 2013ApJ...776...38F 0.163 Seyfert_1 620.82891 "" 0.0 nan "" 0 nan "" 0 nan "" 0 0 899781562.5950818 "" 0.0 777914985.2684343 "" 0.0 1399434529.6343377 "" 0.0 nan "" 0.0 245764264.27540615 "" 0.0 178737646.7457499 "" 0.0 880000000.0 "" 0.0 nan "" 0.0
"IRAS 03158+4227" "IRAS 03158+4227" "03 19 11.9721" "+42 38 25.526" 2013ApJ...776...38F 0.134 Galaxy 635.28987 "" 0.0 nan "" 0 nan "" 0 nan "" 0 0 712399858.079404 "" 0.0 103284737.78846377 "" 0.0 1283114242.5259151 "" 0.0 nan "" 0.0 109905554.31336528 "" 0.0 172141229.6474396 "" 0.0 750000000.0 "" 0.0 nan "" 0.0
