data/raw/complete_sample_clean.ecsv
# %ECSV 1.0
# ---
# datatype:
# - {name: Name, datatype: string}
# - {name: SIMBADName, datatype: string}
# - {name: RA, datatype: string}
# - {name: DEC, datatype: string}
# - {name: Reference, datatype: string}
# - {name: z, datatype: float64}
# - {name: SIMBADType, datatype: string}
# - {name: SFR, datatype: float64}
# - {name: SFR_err, datatype: float64}
# - {name: LimSFR, datatype: float64}
# - {name: Mstar, datatype: float64}
# - {name: Mstar_err, datatype: float64}
# - {name: LimMstar, datatype: int64}
# - {name: Metal, datatype: float64}
# - {name: Metal_err, datatype: float64}
# - {name: LimMetal, datatype: int64}
# - {name: mu, datatype: float64}
# - {name: mu_err, datatype: float64}
# - {name: Limmu, datatype: int64}
# - {name: mu_flag, datatype: int64}
# - {name: LOIII52, datatype: float64}
# - {name: LOIII52_err, datatype: int64}
# - {name: LimOIII52, datatype: float64}
# - {name: LNIII57, datatype: float64}
# - {name: LNIII57_err, datatype: int64}
# - {name: LimNIII57, datatype: float64}
# - {name: LOI63, datatype: float64}
# - {name: LOI63_err, datatype: float64}
# - {name: LimOI63, datatype: float64}
# - {name: LOIII88, datatype: float64}
# - {name: LOIII88_err, datatype: int64}
# - {name: LimOIII88, datatype: float64}
# - {name: LNII122, datatype: float64}
# - {name: LNII122_err, datatype: int64}
# - {name: LimNII122, datatype: float64}
# - {name: LOI145, datatype: float64}
# - {name: LOI145_err, datatype: int64}
# - {name: LimOI145, datatype: float64}
# - {name: LCII, datatype: float64}
# - {name: LCII_err, datatype: float64}
# - {name: LimCII, datatype: float64}
# - {name: LNII205, datatype: float64}
# - {name: LNII205_err, datatype: int64}
# - {name: LimNII205, datatype: float64}
# schema: astropy-2.0
Name SIMBADName RA DEC Reference z SIMBADType SFR SFR_err LimSFR Mstar Mstar_err LimMstar Metal Metal_err LimMetal mu mu_err Limmu mu_flag LOIII52 LOIII52_err LimOIII52 LNIII57 LNIII57_err LimNIII57 LOI63 LOI63_err LimOI63 LOIII88 LOIII88_err LimOIII88 LNII122 LNII122_err LimNII122 LOI145 LOI145_err LimOI145 LCII LCII_err LimCII LNII205 LNII205_err LimNII205
[from data line 365]
"NGC 5135" "NGC  5135" "13 25 44.059" "-29 50 01.24" 2015ApJ...801...72R 0.0137 Seyfert_2 15.86494 "" 0.0 nan "" 0 nan "" 0 nan "" 0 0 nan "" 0.0 nan "" 0.0 138114814.8153154 "" 0.0 nan "" 0.0 nan "" 0.0 10534180.790998632 "" 0.0 190000000.0 "" 0.0 nan "" 0.0
"NGC 6240" "NGC  6240" "16 52 58.861" "+02 24 03.55" 2015ApJ...801...72R 0.0245 Seyfert_2 62.31706 "" 0.0 nan "" 0 nan "" 0 nan "" 0 0 nan "" 0.0 nan "" 0.0 2377143782.295502 "" 0.0 nan "" 0.0 nan "" 0.0 190171502.5836402 "" 0.0 1400000000.0 "" 0.0 nan "" 0.0
"NGC 7469" "NGC  7469" "23 03 15.674" "+08 52 25.28" 2015ApJ...801...72R 0.0163 Seyfert_1 32.83381 "" 0.0 nan "" 0 nan "" 0 nan "" 0 0 nan "" 0.0 nan "" 0.0 287234732.7694352 "" 0.0 nan "" 0.0 nan "" 0.0 26719510.025063742 "" 0.0 340000000.0 "" 0.0 nan "" 0.0
"NGC 7552" "NGC  7552" "23 16 10.767" "-42 35 05.39" 2015ApJ...801...72R 0.0054 GinPair 9.64194 "" 0.0 nan "" 0 nan "" 0 nan "" 0 0 nan "" 0.0 nan "" 0.0 69356785.22419293 "" 0.0 nan "" 0.0 nan "" 0.0 4090271.949119071 "" 0.0 75000000.0 "" 0.0 nan "" 0.0
"NGC 7771" "NGC  7771" "23 51 24.880" "+20 06 42.57" 2015ApJ...801...72R 0.0143 GinGroup 20.47581 "" 0.0 nan "" 0 nan "" 0 nan "" 0 0 nan "" 0.0 nan "" 0.0 nan "" 0.0 nan "" 0.0 nan "" 0.0 nan "" 0.0 210000000.0 "" 0.0 nan "" 0.0
"Z 49-57" "Z  49-57" "15 13 13.1" "+07 13 32" 2015ApJ...801...72R 0.013 GinCl 16.48977 "" 0.0 nan "" 0 nan "" 0 nan "" 0 0 nan "" 0.0 nan "" 0.0 nan "" 0.0 nan "" 0.0 nan "" 0.0 2108708.3953995574 "" 0.0 37000000.0 "" 0.0 nan "" 0.0
"NAME SMM J02399-0136" "NAME SMM J02399-0136" "02 39 51.87" "-01 35 58.8" 2015ApJ...806..260F 2.8076 Galaxy 597.96423 "" 0.0 nan "" 0 nan "" 0 2.38 "" 0 1 nan "" 0.0 nan "" 0.0 nan "" 0.0 45851426732.46672 "" 0.0 21027889412.07497 "" 0.0 nan "" 0.0 nan "" 0.0 nan "" 0.0
"SPT-S J010312-4538.8" "SPT-S J010312-4538.8" "01 03 11.570" "-45 38 51.90" 2015MNRAS.449.2883G 3.09 Galaxy 994.60257 "" 0.0 nan "" 0 nan "" 0 5.1 0.1 0 1 nan "" 0.0 nan "" 0.0 nan "" 0.0 nan "" 0.0 nan "" 0.0 nan "" 0.0 7500000000.0 "" 0.0 nan "" 0.0
"SPT-S J011308-4617.7" "SPT-S J011308-4617.7" "01 13 09.030" "-46 17 56.90" 2015MNRAS.449.2883G 4.232 Galaxy 130.34154 "" 0.0 nan "" 0 nan "" 0 23.9 0.5 0 1 nan "" 0.0 nan "" 0.0 nan "" 0.0 nan "" 0.0 nan "" 0.0 nan "" 0.0 1900000000.0 "" 0.0 nan "" 0.0
"SPT-S J024307-4915.5" "SPT-S J024307-4915.5" "02 43 09.070" "-49 15 33.00" 2015MNRAS.449.2883G 5.699 Galaxy 727.53225 "" 0.0 nan "" 0 nan "" 0 6.7 0.5 0 1 nan "" 0.0 nan "" 0.0 nan "" 0.0 nan "" 0.0 nan "" 0.0 nan "" 0.0 6700000000.0 "" 1.0 nan "" 0.0
"SPT-S J030003-4621.3" "SPT-S J030003-4621.3" "03 00 04.210" "-46 21 25.30" 2015MNRAS.449.2883G 3.596 Galaxy 861.21498 "" 0.0 nan "" 0 nan "" 0 5.7 0.4 0 1 nan "" 0.0 nan "" 0.0 nan "" 0.0 nan "" 0.0 nan "" 0.0 nan "" 0.0 2800000000.0 "" 0.0 nan "" 0.0
"SPT-S J034510-4725.6" "SPT-S J034510-4725.6" "03 45 10.970" "-47 25 40.90" 2015MNRAS.449.2883G 4.296 Galaxy 1705.51352 "" 0.0 nan "" 0 nan "" 0 8.0 0.5 0 1 nan "" 0.0 nan "" 0.0 nan "" 0.0 nan "" 0.0 nan "" 0.0 nan "" 0.0 4100000000.0 "" 0.0 nan "" 0.0
"SPT-S J034640-5204.9" "SPT-S J034640-5204.9" "03 46 41.190" "-52 05 05.50" 2015MNRAS.449.2883G 5.656 Galaxy 3244.68042 "" 0.0 nan "" 0 nan "" 0 5.6 0.1 0 1 nan "" 0.0 nan "" 0.0 nan "" 0.0 nan "" 0.0 nan "" 0.0 nan "" 0.0 8900000000.0 "" 0.0 nan "" 0.0
"SPT-S J041839-4751.8" "SPT-S J041839-4751.8" "04 18 39.270" "-47 51 50.10" 2015MNRAS.449.2883G 4.224 Galaxy 267.65719 "" 0.0 nan "" 0 nan "" 0 32.7 2.7 0 1 nan "" 0.0 nan "" 0.0 nan "" 0.0 nan "" 0.0 nan "" 0.0 nan "" 0.0 2000000000.0 "" 0.0 nan "" 0.0
"SPT-S J044143-4605.3" "SPT-S J044143-4605.3" "04 41 44.130" "-46 05 29.50" 2015MNRAS.449.2883G 4.477 Galaxy 431.79274 "" 0.0 nan "" 0 nan "" 0 12.7 1.0 0 1 nan "" 0.0 nan "" 0.0 nan "" 0.0 nan "" 0.0 nan "" 0.0 nan "" 0.0 1900000000.0 "" 0.0 nan "" 0.0
"SPT-S J051258-5935.6" "SPT-S J051258-5935.6" "05 12 57.98" "-59 35 41.9" 2015MNRAS.449.2883G 2.234 Galaxy 4208.10658 "" 0.0 nan "" 0 nan "" 0 1.0 nan 1 1 nan "" 0.0 nan "" 0.0 nan "" 0.0 nan "" 0.0 nan "" 0.0 nan "" 0.0 40000000000.0 "" 1.0 nan "" 0.0
"SPT-S J052902-5436.5" "SPT-S J052902-5436.5" "05 29 03.370" "-54 36 40.30" 2015MNRAS.449.2883G 3.369 Galaxy 338.49176 "" 0.0 nan "" 0 nan "" 0 13.2 0.8 0 1 nan "" 0.0 nan "" 0.0 nan "" 0.0 nan "" 0.0 nan "" 0.0 nan "" 0.0 5800000000.0 "" 0.0 nan "" 0.0
"SPT-S J053250-5047.1" "SPT-S J053250-5047.1" "05 32 51.270" "-50 47 09.50" 2015MNRAS.449.2883G 3.399 Galaxy 967.92299 "" 0.0 nan "" 0 nan "" 0 10.0 0.6 0 1 nan "" 0.0 nan "" 0.0 nan "" 0.0 nan "" 0.0 nan "" 0.0 nan "" 0.0 4100000000.0 "" 0.0 nan "" 0.0
"SPT-S J053816-5030.8" "SPT-S J053816-5030.8" "05 38 16.830" "-50 30 52.00" 2015MNRAS.449.2883G 2.782 Galaxy 461.28774 "" 0.0 nan "" 0 nan "" 0 18.8 2.3 0 1 nan "" 0.0 nan "" 0.0 nan "" 0.0 nan "" 0.0 nan "" 0.0 nan "" 0.0 9600000000.0 "" 1.0 nan "" 0.0
"SPT-S J055001-5356.5" "SPT-S J055001-5356.5" "05 50 00.56" "-53 56 41.7" 2015MNRAS.449.2883G 3.129 Galaxy 378.80007 "" 0.0 nan "" 0 nan "" 0 6.3 nan 1 1 nan "" 0.0 nan "" 0.0 nan "" 0.0 nan "" 0.0 nan "" 0.0 nan "" 0.0 6500000000.0 "" 0.0 nan "" 0.0
"SPT-S J055138-5057.9" "SPT-S J055138-5057.9" "05 51 38.970" "-50 58 03.30" 2015MNRAS.449.2883G 2.123 Galaxy 367.84703 "" 0.0 nan "" 0 nan "" 0 4.5 0.5 0 1 nan "" 0.0 nan "" 0.0 nan "" 0.0 nan "" 0.0 nan "" 0.0 nan "" 0.0 6700000000.0 "" 1.0 nan "" 0.0
"SPT-S J210328-6032.6" "SPT-S J210328-6032.6" "21 03 31.550" "-60 32 46.40" 2015MNRAS.449.2883G 4.435 Galaxy 181.29031 "" 0.0 nan "" 0 nan "" 0 27.8 1.8 0 1 nan "" 0.0 nan "" 0.0 nan "" 0.0 nan "" 0.0 nan "" 0.0 nan "" 0.0 2500000000.0 "" 0.0 nan "" 0.0
"SPT-S J213242-5802.9" "SPT-S J213242-5802.9" "21 32 43.540" "-58 02 54.00" 2015MNRAS.449.2883G 4.768 Galaxy 805.29356 "" 0.0 nan "" 0 nan "" 0 5.7 0.5 0 1 nan "" 0.0 nan "" 0.0 nan "" 0.0 nan "" 0.0 nan "" 0.0 nan "" 0.0 3700000000.0 "" 0.0 nan "" 0.0
"SPT-S J214654-5507.8" "SPT-S J214654-5507.8" "21 46 54.130" "-55 07 52.10" 2015MNRAS.449.2883G 4.567 Galaxy 606.12942 "" 0.0 nan "" 0 nan "" 0 6.6 0.4 0 1 nan "" 0.0 nan "" 0.0 nan "" 0.0 nan "" 0.0 nan "" 0.0 nan "" 0.0 3300000000.0 "" 0.0 nan "" 0.0
"SPT-S J214720-5035.9" "SPT-S J214720-5035.9" "21 47 19.620" "-50 35 59.00" 2015MNRAS.449.2883G 3.761 Galaxy 720.65883 "" 0.0 nan "" 0 nan "" 0 6.6 0.4 0 1 nan "" 0.0 nan "" 0.0 nan "" 0.0 nan "" 0.0 nan "" 0.0 nan "" 0.0 5100000000.0 "" 0.0 nan "" 0.0
"SPT-S J231124-5450.5" "SPT-S J231124-5450.5" "23 11 24.260" "-54 50 32.80" 2015MNRAS.449.2883G 4.281 Galaxy 2575.97603 "" 0.0 nan "" 0 nan "" 0 1.9 0.1 0 1 nan "" 0.0 nan "" 0.0 nan "" 0.0 nan "" 0.0 nan "" 0.0 nan "" 0.0 13000000000.0 "" 0.0 nan "" 0.0
"SPT-S J231922-5557.9" "SPT-S J231922-5557.9" "23 19 22.200" "-55 57 57.80" 2015MNRAS.449.2883G 5.293 Galaxy 535.70099 "" 0.0 nan "" 0 nan "" 0 6.9 0.6 0 1 nan "" 0.0 nan "" 0.0 nan "" 0.0 nan "" 0.0 nan "" 0.0 nan "" 0.0 2000000000.0 "" 0.0 nan "" 0.0
"[CCJ2015b] HZ1" "[CCJ2015b] HZ1" "09 59 53.250" "+02 07 05.60" 2015Natur.522..455C 5.6885 EmG 24.0 "" 0.0 10.47 0.13 0 nan "" 0 nan "" 0 0 nan "" 0.0 nan "" 0.0 nan "" 0.0 nan "" 0.0 nan "" 0.0 nan "" 0.0 260000000.0 "" 0.0 nan "" 0.0
"[CCJ2015b] HZ2" "[CCJ2015b] HZ2" "10 02 04.098" "+01 55 44.05" 2015Natur.522..455C 5.6697 Galaxy 25.0 "" 0.0 10.23 0.15 0 nan "" 0 nan "" 0 0 nan "" 0.0 nan "" 0.0 nan "" 0.0 nan "" 0.0 nan "" 0.0 nan "" 0.0 380000000.0 "" 0.0 nan "" 0.0
"[CCJ2015b] HZ3" "UVISTADR1 J100009.41+022013.9" "10 00 09.431" "+02 20 13.86" 2015Natur.522..455C 5.5416 Galaxy 18.0 "" 0.0 10.23 0.35 0 nan "" 0 nan "" 0 0 nan "" 0.0 nan "" 0.0 nan "" 0.0 nan "" 0.0 nan "" 0.0 nan "" 0.0 490000000.0 "" 0.0 nan "" 0.0
"[CCJ2015b] HZ4" "COSMOS 1372204" "09 58 28.52" "+02 03 06.8" 2015Natur.522..455C 5.544 EmG 51.0 "" 0.0 9.67 0.21 0 nan "" 0 nan "" 0 0 nan "" 0.0 nan "" 0.0 nan "" 0.0 nan "" 0.0 nan "" 0.0 nan "" 0.0 1000000000.0 "" 0.0 nan "" 0.0
"[CCJ2015b] HZ5a" "[CCJ2015b] HZ5a" "10 00 51.520" "+02 34 59.29" 2015Natur.522..455C 5.3089 Galaxy 3.0 "" 1.0 nan nan 0 nan "" 0 nan "" 0 0 nan "" 0.0 nan "" 0.0 nan "" 0.0 nan "" 0.0 nan "" 0.0 nan "" 0.0 150000000.0 "" 0.0 nan "" 0.0
"[CCJ2015b] HZ6" "COSMOS J100021.50+023511.1" "10 00 21.504" "+02 35 11.08" 2015Natur.522..455C 5.2928 Galaxy 49.0 "" 0.0 10.17 0.15 0 nan "" 0 nan "" 0 0 nan "" 0.0 nan "" 0.0 nan "" 0.0 nan "" 0.0 nan "" 0.0 nan "" 0.0 1500000000.0 "" 0.0 nan "" 0.0
"[CCJ2015b] HZ7" "UVISTADR1 J095930.47+020802.6" "09 59 30.47" "+02 08 02.7" 2015Natur.522..455C 5.2532 Galaxy 21.0 "" 0.0 9.86 0.21 0 nan "" 0 nan "" 0 0 nan "" 0.0 nan "" 0.0 nan "" 0.0 nan "" 0.0 nan "" 0.0 nan "" 0.0 580000000.0 "" 0.0 nan "" 0.0
"[CCJ2015b] HZ8" "COSMOS 2715074" "10 00 04.05" "+02 37 35.9" 2015Natur.522..455C 5.1533 Galaxy 18.0 "" 0.0 9.77 0.15 0 nan "" 0 nan "" 0 0 nan "" 0.0 nan "" 0.0 nan "" 0.0 nan "" 0.0 nan "" 0.0 nan "" 0.0 270000000.0 "" 0.0 nan "" 0.0
"[CCJ2015b] HZ8W" "[CCJ2015b] HZ8W" "10 00 03.971" "+02 37 36.23" 2015Natur.522..455C 5.1532 Galaxy 6.0 "" 0.0 nan nan 0 nan "" 0 nan "" 0 0 nan "" 0.0 nan "" 0.0 nan "" 0.0 nan "" 0.0 nan "" 0.0 nan "" 0.0 210000000.0 "" 0.0 nan "" 0.0
"[CCJ2015b] HZ9" "[CCJ2015b] HZ9" "09 59 51.697" "+02 22 42.16" 2015Natur.522..455C 5.541 Galaxy 67.0 "" 0.0 9.86 0.23 0 nan "" 0 nan "" 0 0 nan "" 0.0 nan "" 0.0 nan "" 0.0 nan "" 0.0 nan "" 0.0 nan "" 0.0 1700000000.0 "" 0.0 nan "" 0.0
"[CCJ2015b] HZ10" "[CCJ2015b] HZ10" "10 00 59.300" "+01 33 19.60" 2015Natur.522..455C 5.6566 EmG 169.0 "" 0.0 10.39 0.17 0 nan "" 0 nan "" 0 0 nan "" 0.0 nan "" 0.0 nan "" 0.0 nan "" 0.0 nan "" 0.0 nan "" 0.0 1400000000.0 "" 0.0 nan "" 0.0
"SPT-S J213242-5802.9" "SPT-S J213242-5802.9" "21 32 43.540" "-58 02 54.00" 2016A&A...586L...7B 4.768 Galaxy 1018.89461 "" 0.0 nan "" 0 8.6 0.3 0 5.7 0.5 0 1 nan "" 0.0 nan "" 0.0 nan "" 0.0 nan "" 0.0 nan "" 0.0 nan "" 0.0 4200000000.0 "" 0.0 161391462.8434879 "" 0.0
"DDO 69" "NAME Leo Dwarf Irregular Galaxy" "09 59 26.46" "+30 44 47.0" 2016AJ....151...14C 0.0002 Galaxy 0.00068 "" 0.0 nan "" 0 7.38 0.1 0 nan "" 0 0 nan "" 0.0 nan "" 0.0 460.0942813936994 "" 1.0 1400.2869433721287 "" 1.0 160.03279352824327 "" 1.0 nan "" 0.0 500.0 "" 0.0 nan "" 0.0
"DDO 70" "NAME Sextans B" "10 00 00.8201" "+05 20 09.572" 2016AJ....151...14C 0.0003 HII_G 0.00501 "" 0.0 nan "" 0 7.53 0.06 0 nan "" 0 0 nan "" 0.0 nan "" 0.0 1479.053083936811 "" 0.0 2377.0495991841603 "" 1.0 528.2332442631467 "" 1.0 nan "" 0.0 2900.0 "" 0.0 nan "" 0.0
"DDO 75" "NAME Sex A" "10 11 00.5" "-04 41 30" 2016AJ....151...14C 0.0003 HII_G 0.01288 "" 0.0 nan "" 0 7.54 0.06 0 nan "" 0 0 nan "" 0.0 nan "" 0.0 2799.636194594678 "" 0.0 nan "" 0.0 422.58659541051736 "" 1.0 nan "" 0.0 7600.0 "" 0.0 nan "" 0.0
"DDO 155" "UGC  8091" "12 58 40.1930" "+14 13 00.737" 2016AJ....151...14C 0.0005 HII_G 0.00214 "" 0.0 nan "" 0 7.65 0.06 0 nan "" 0 0 nan "" 0.0 nan "" 0.0 4840.99200422936 "" 1.0 5899.959005154531 "" 1.0 1664.0910014538426 "" 1.0 nan "" 0.0 11000.0 "" 0.0 nan "" 0.0
"DDO 221" "NAME WLM Galaxy" "00 01 57.9" "-15 27 50" 2016AJ....151...14C 0.0002 Galaxy 0.00912 "" 0.0 nan "" 0 7.83 0.06 0 nan "" 0 0 nan "" 0.0 nan "" 0.0 1187.7433894674305 "" 0.0 1312.7690094113707 "" 1.0 218.79483490189506 "" 1.0 nan "" 0.0 2800.0 "" 0.0 nan "" 0.0
NGC0023 "NGC    23" "00 09 53.411" "+25 55 25.46" 2016ApJ...819...69Z 0.0152 Galaxy 23.81613 "" 0.0 nan "" 0 nan "" 0 nan "" 0 0 nan "" 0.0 nan "" 0.0 nan "" 0.0 nan "" 0.0 nan "" 0.0 nan "" 0.0 nan "" 0.0 15660500.981039027 "" 0.0
NGC0034 "NGC    34" "00 11 06.612" "-12 06 28.33" 2016ApJ...819...69Z 0.0196 Seyfert_2 56.9457 "" 0.0 nan "" 0 nan "" 0 nan "" 0 0 nan "" 0.0 nan "" 0.0 nan "" 0.0 nan "" 0.0 nan "" 0.0 nan "" 0.0 nan "" 0.0 6183243.817790976 "" 0.0
MCG-02-01-051 MCG-02-01-051 "00 18 50.898" "-10 22 36.49" 2016ApJ...819...69Z 0.0271 EmG 52.07021 "" 0.0 nan "" 0 nan "" 0 nan "" 0 0 nan "" 0.0 nan "" 0.0 nan "" 0.0 nan "" 0.0 nan "" 0.0 nan "" 0.0 nan "" 0.0 17785091.051287092 "" 0.0
ESO350-IG038 "ESO 350-38" "00 36 52.489" "-33 33 17.23" 2016ApJ...819...69Z 0.0206 AGN 38.41157 "" 0.0 nan "" 0 nan "" 0 nan "" 0 0 nan "" 0.0 nan "" 0.0 nan "" 0.0 nan "" 0.0 nan "" 0.0 nan "" 0.0 nan "" 0.0 4417541.372710259 "" 0.0
NGC0232 "NGC   232" "00 42 45.814" "-23 33 40.69" 2016ApJ...819...69Z 0.0226 GinGroup 46.38154 "" 0.0 nan "" 0 nan "" 0 nan "" 0 0 nan "" 0.0 nan "" 0.0 nan "" 0.0 nan "" 0.0 nan "" 0.0 nan "" 0.0 nan "" 0.0 31856047.747537456 "" 0.0
MCG+12-02-001 MCG+12-02-001 "00 54 03.943" "+73 05 05.23" 2016ApJ...819...69Z 0.0157 Galaxy 56.74388 "" 0.0 nan "" 0 nan "" 0 nan "" 0 0 nan "" 0.0 nan "" 0.0 nan "" 0.0 nan "" 0.0 nan "" 0.0 nan "" 0.0 nan "" 0.0 13723130.548415821 "" 0.0
NGC0317B "UGC   594" "00 57 40.4308" "+43 47 31.833" 2016ApJ...819...69Z 0.0178 GinPair 27.33511 "" 0.0 nan "" 0 nan "" 0 nan "" 0 0 nan "" 0.0 nan "" 0.0 nan "" 0.0 nan "" 0.0 nan "" 0.0 nan "" 0.0 nan "" 0.0 12492098.079986926 "" 0.0
IC1623 "IC 1623" "01 07 47.2" "-17 30 25" 2016ApJ...819...69Z 0.0201 IG 98.3597 "" 0.0 nan "" 0 nan "" 0 nan "" 0 0 nan "" 0.0 nan "" 0.0 nan "" 0.0 nan "" 0.0 nan "" 0.0 nan "" 0.0 nan "" 0.0 19093494.225585125 "" 0.0
MCG-03-04-014 MCG-03-04-014 "01 10 08.979" "-16 51 09.69" 2016ApJ...819...69Z 0.0351 EmG 81.14372 "" 0.0 nan "" 0 nan "" 0 nan "" 0 0 nan "" 0.0 nan "" 0.0 nan "" 0.0 nan "" 0.0 nan "" 0.0 nan "" 0.0 nan "" 0.0 73496631.62483156 "" 0.0
ESO244-G012 "ESO 244-12" "01 18 08.31" "-44 27 43.4" 2016ApJ...819...69Z 0.0229 PairG 43.17184 "" 0.0 nan "" 0 nan "" 0 nan "" 0 0 nan "" 0.0 nan "" 0.0 nan "" 0.0 nan "" 0.0 nan "" 0.0 nan "" 0.0 nan "" 0.0 9333131.055311255 "" 0.0
"Z 436-030" "Z 436-30" "01 20 02.654" "+14 21 41.73" 2016ApJ...819...69Z 0.0315 LINER 89.43135 "" 0.0 nan "" 0 nan "" 0 nan "" 0 0 nan "" 0.0 nan "" 0.0 nan "" 0.0 nan "" 0.0 nan "" 0.0 nan "" 0.0 nan "" 0.0 12871850.615656514 "" 0.0
ESO353-G020 "ESO 353-20" "01 34 51.270" "-36 08 13.76" 2016ApJ...819...69Z 0.0159 EmG 20.60579 "" 0.0 nan "" 0 nan "" 0 nan "" 0 0 nan "" 0.0 nan "" 0.0 nan "" 0.0 nan "" 0.0 nan "" 0.0 nan "" 0.0 nan "" 0.0 28145732.2174319 "" 0.0
"III Zw 035" "ZW  III  35" "01 44 30.516" "+17 06 09.18" 2016ApJ...819...69Z 0.0274 Seyfert_2 62.5145 "" 0.0 nan "" 0 nan "" 0 nan "" 0 0 nan "" 0.0 nan "" 0.0 nan "" 0.0 nan "" 0.0 nan "" 0.0 nan "" 0.0 nan "" 0.0 4990294.26349611 "" 1.0
NGC0695 "NGC   695" "01 51 14.3476" "+22 34 55.956" 2016ApJ...819...69Z 0.0325 Galaxy 87.1522 "" 0.0 nan "" 0 nan "" 0 nan "" 0 0 nan "" 0.0 nan "" 0.0 nan "" 0.0 nan "" 0.0 nan "" 0.0 nan "" 0.0 nan "" 0.0 69936374.04686944 "" 0.0
NGC0828 "NGC   828" "02 10 09.5458" "+39 11 25.220" 2016ApJ...819...69Z 0.0178 RadioG 33.60049 "" 0.0 nan "" 0 nan "" 0 nan "" 0 0 nan "" 0.0 nan "" 0.0 nan "" 0.0 nan "" 0.0 nan "" 0.0 nan "" 0.0 nan "" 0.0 62545071.05109969 "" 0.0
NGC0877 "NGC   877" "02 17 59.6455" "+14 32 38.205" 2016ApJ...819...69Z 0.0131 LSB_G 16.7757 "" 0.0 nan "" 0 nan "" 0 nan "" 0 0 nan "" 0.0 nan "" 0.0 nan "" 0.0 nan "" 0.0 nan "" 0.0 nan "" 0.0 nan "" 0.0 10496310.685367 "" 0.0
UGC01845 "UGC  1845" "02 24 07.9832" "+47 58 10.743" 2016ApJ...819...69Z 0.0151 GinGroup 21.75921 "" 0.0 nan "" 0 nan "" 0 nan "" 0 0 nan "" 0.0 nan "" 0.0 nan "" 0.0 nan "" 0.0 nan "" 0.0 nan "" 0.0 nan "" 0.0 21726632.02015723 "" 0.0
NGC0958 "NGC   958" "02 30 42.839" "-02 56 20.41" 2016ApJ...819...69Z 0.0192 EmG 29.71563 "" 0.0 nan "" 0 nan "" 0 nan "" 0 0 nan "" 0.0 nan "" 0.0 nan "" 0.0 nan "" 0.0 nan "" 0.0 nan "" 0.0 nan "" 0.0 14778340.579636378 "" 0.0
UGC02238 "UGC  2238" "02 46 17.482" "+13 05 44.33" 2016ApJ...819...69Z 0.0215 Galaxy 38.51428 "" 0.0 nan "" 0 nan "" 0 nan "" 0 0 nan "" 0.0 nan "" 0.0 nan "" 0.0 nan "" 0.0 nan "" 0.0 nan "" 0.0 nan "" 0.0 47895114.214290254 "" 0.0
UGC02369 "UGC  2369" "02 54 00.9" "+14 58 31" 2016ApJ...819...69Z 0.0326 PairG 37.41437 "" 0.0 nan "" 0 nan "" 0 nan "" 0 0 nan "" 0.0 nan "" 0.0 nan "" 0.0 nan "" 0.0 nan "" 0.0 nan "" 0.0 nan "" 0.0 36698903.50406492 "" 0.0
